55 121 280 254 118 278 191 245 126 213 292 205 276 85 290 8 220 12 69 175
35 47 44 38 233 286 220 231 236 27 184 35 206 252 135 16 80 205 205 110
24 182 19 110 170 298 2 151 13 70 190 211 269 259 176 31 175 100 53 250
262 167 160 282 239 44 42 48 129 250 223 3 219 81 191 226 268 200 116 238
202 261 176 259 235 194 152 173 207 183 176 204 113 21 220 126 89 26 59 74
12 12 95 39 107 165 184 215 81 86 74 228 99 65 4 125 270 141 225 145
141 181 25 247 117 197 265 62 82 257 283 243 293 15 293 69 224 148 254 23
23 252 163 54 244 228 48 172 170 50 256 51 77 260 129 77 90 226 231 141
83 48 70 42 262 82 279 166 56 93 184 277 70 285 78 222 166 242 47 221
60 266 218 180 54 99 51 197 125 143 66 214 85 180 106 294 274 63 115 259
110 121 143 148 208 281 242 222 171 274 118 7 293 285 221 199 229 90 49 155
119 281 220 151 269 264 148 60 141 237 87 132 7 161 165 102 12 155 262 21
250 66 294 3 151 105 160 37 254 135 230 296 210 66 133 84 48 189 144 97
121 125 22 257 294 241 151 245 249 157 84 216 75 269 139 198 278 89 196 298
138 157 115 238 215 202 233 7 62 247 113 231 139 199 183 181 106 10 40 270
34 151 202 168 69 284 67 225 156 283 156 256 12 250 101 110 17 204 282 121
94 122 174 72 243 225 264 191 27 39 167 268 176 231 174 6 297 189 243 222
269 150 148 97 294 80 61 44 114 178 147 231 57 152 118 63 141 139 122 260
124 143 138 246 52 70 44 289 294 121 250 285 82 122 192 21 264 43 194 165
259 137 101 155 215 181 105 139 165 217 185 36 233 28 42 145 74 52 70 137
141 125 171 32 3 5 3 225 50 101 114 255 70 245 1 11 76 31 221 145
110 6 143 190 236 111 130 273 197 155 195 220 292 75 128 137 22 21 125 90
188 103 220 176 94 139 281 268 111 124 164 128 241 36 114 46 88 161 257 15
128 118 235 25 284 270 138 65 120 33 256 46 203 246 271 156 276 5 238 239
299 207 213 165 33 78 285 88 270 215 57 112 234 71 277 100 245 260 47 98
242 172 166 73 18 114 287 227 86 257 280 242 260 202 7 92 68 177 181 5
223 298 189 54 177 81 88 131 229 37 109 34 182 182 222 70 133 290 116 240
186 112 180 298 50 72 66 196 238 130 23 94 34 5 82 153 154 174 291 161
62 143 193 271 95 233 157 86 239 84 290 225 204 242 118 186 182 242 151 232
39 283 14 210 41 247 45 269 128 5 64 147 179 176 22 101 247 188 111 124
243 114 12 107 152 222 100 255 206 28 294 55 241 92 111 87 89 256 112 203
208 264 157 79 101 179 298 194 117 75 156 239 129 142 286 251 252 226 248 179
247 60 14 148 103 159 181 222 227 271 122 244 93 173 254 109 174 105 231 272
10 206 77 32 97 132 186 119 262 271 259 7 262 198 82 197 150 210 69 122
80 254 159 169 7 192 233 93 67 125 171 250 3 258 253 281 188 244 243 39
115 156 118 194 110 291 16 206 179 132 259 223 9 207 252 218 64 6 210 145
84 254 129 204 240 273 166 8 160 296 62 46 256 47 279 218 138 127 232 115
121 157 239 109 101 164 237 141 58 37 46 264 6 222 25 98 28 20 64 292
276 267 52 203 190 153 297 182 13 218 79 177 282 287 293 92 112 160 290 119
198 108 41 241 60 269 47 118 191 152 197 192 139 195 19 60 92 57 251 52
295 262 66 227 283 53 118 107 204 192 237 202 193 157 12 195 265 78 273 221
12 131 16 158 62 286 285 255 144 122 207 62 212 23 229 257 248 272 233 210
254 240 269 262 67 30 141 291 30 2 193 19 71 154 31 294 9 188 26 286
82 264 203 35 30 59 47 254 181 86 97 121 250 245 231 118 239 244 5 78
273 294 106 244 275 154 52 66 69 23 210 201 195 3 52 104 247 64 18 2
197 256 241 236 157 23 266 291 202 196 48 282 162 30 291 138 132 15 280 127
278 69 45 104 52 235 119 153 166 181 215 172 230 219 299 222 185 259 123 107
36 247 291 3 133 119 274 289 279 283 92 174 63 110 38 242 23 234 218 156
115 208 243 158 35 253 31 80 249 258 20 32 296 99 175 20 3 258 224 228
249 259 287 163 53 217 73 199 73 138 5 40 174 228 32 112 278 70 75 255
205 41 170 26 288 18 239 14 15 157 287 40 56 49 250 127 16 134 292 213
132 173 196 193 285 273 126 223 245 29 87 291 285 147 113 65 247 249 210 37
216 62 222 160 135 59 125 250 83 238 62 26 90 190 61 98 174 282 212 177
15 276 130 118 253 274 135 161 27 19 4 274 115 265 174 234 224 123 156 44
101 66 233 35 168 127 263 205 204 37 52 124 21 95 70 255 90 207 254 125
133 35 182 277 22 210 240 185 57 229 122 209 134 76 277 286 212 214 43 72
83 241 100 112 252 136 233 137 15 295 163 128 193 57 244 5 18 57 91 173
294 96 18 181 51 104 66 299 155 42 136 176 101 12 203 265 59 24 94 137
39 144 194 290 134 181 298 123 293 89 196 298 66 33 207 144 153 105 50 65
95 92 208 28 255 121 103 126 87 233 296 285 36 157 166 242 113 2 201 284
20 250 240 197 14 249 155 78 248 267 224 207 49 234 1 226 193 238 148 23
194 242 139 131 293 208 271 82 14 256 102 122 79 59 253 287 253 48 202 22
197 112 21 105 204 71 161 74 240 267 145 139 33 252 207 171 203 283 95 129
236 79 29 263 280 225 197 103 23 56 163 78 61 89 29 38 180 60 235 223
5 170 283 93 230 26 143 33 100 232 30 216 173 231 93 183 204 85 148 166
17 16 280 64 261 211 206 28 198 22 24 275 159 207 298 174 105 190 256 57
214 236 196 50 84 141 112 198 101 10 19 221 219 196 83 20 31 96 110 208
39 133 289 238 222 135 49 110 212 228 139 211 254 205 84 43 50 134 100 200
208 29 130 232 74 183 193 248 47 285 191 234 222 7 108 99 297 21 91 105
279 255 202 101 223 153 189 66 32 104 237 228 84 288 229 166 216 37 248 52
27 63 281 120 8 99 220 16 220 281 281 266 281 10 184 102 3 277 16 37
253 170 241 160 206 82 91 41 97 77 104 183 163 188 205 216 224 299 225 246
105 144 250 97 67 87 293 85 246 240 126 244 47 239 191 47 258 127 178 255
299 30 74 228 96 34 189 123 66 148 160 7 248 166 67 94 204 130 250 158
274 32 249 26 51 120 238 238 51 142 168 32 14 265 39 35 154 189 213 222
3 53 178 117 78 290 101 108 283 26 145 297 124 136 279 102 18 191 195 181
225 58 171 83 8 276 67 163 228 11 241 71 79 50 163 286 99 143 203 178
153 259 21 293 126 140 153 77 163 170 9 169 39 255 279 231 220 38 178 151
95 197 146 69 102 293 52 91 267 244 85 160 257 167 291 268 110 128 279 110
145 294 76 32 84 121 113 168 226 250 63 172 15 268 250 33 47 137 53 258
141 293 80 150 147 7 113 274 127 254 152 148 81 163 94 61 268 106 286 141
253 144 146 129 74 195 89 137 237 230 80 167 275 214 53 252 157 20 246 176
94 234 285 109 136 117 66 129 290 250 15 71 214 155 45 198 84 230 69 69
10 38 184 195 140 96 113 122 203 68 128 99 94 283 62 127 89 102 137 139
194 180 177 179 170 204 152 249 48 198 24 144 1 9 278 212 291 1 121 186
142 70 154 181 103 207 152 32 265 254 107 235 29 229 82 209 170 86 154 37
183 197 108 219 140 8 193 293 24 161 117 216 295 21 85 115 276 116 190 73
210 44 91 98 22 217 230 245 202 141 238 155 129 40 154 280 43 51 159 77
130 32 9 287 166 160 20 168 116 182 256 178 276 113 11 137 101 161 232 115
254 144 111 57 243 253 171 107 204 70 49 194 123 104 85 183 240 204 33 268
238 172 213 287 19 185 56 199 282 234 177 258 184 230 85 293 23 126 252 29
126 14 235 276 267 274 163 182 96 290 224 251 72 64 32 248 64 38 94 297
258 107 285 78 4 9 215 169 74 126 157 183 72 238 255 185 139 240 131 212
17 66 105 14 149 213 84 265 103 127 102 222 156 136 207 158 277 245 136 284
119 26 57 295 67 296 269 13 201 86 122 184 282 110 27 231 247 298 86 215
175 261 49 298 155 11 124 66 31 238 170 245 109 225 64 48 189 99 277 287
61 233 51 269 265 124 10 77 39 85 187 68 243 96 61 274 157 270 110 52
286 47 285 177 70 95 101 122 271 125 72 142 72 254 269 169 11 260 41 218
58 82 126 10 197 209 99 69 216 60 214 75 119 110 51 1 33 41 147 168
147 103 159 160 24 247 119 130 113 154 172 296 256 252 267 57 174 194 16 66
166 28 82 55 137 237 86 297 172 184 206 271 116 81 295 250 207 94 245 31
296 2 252 109 285 122 223 104 192 50 148 91 182 84 254 224 217 106 295 184
8 53 110 91 168 178 247 167 108 219 235 6 298 86 137 183 278 88 177 68
240 154 58 79 15 143 195 234 238 73 105 44 29 260 139 184 216 240 110 182
295 38 64 28 58 248 78 178 224 193 45 161 280 240 119 84 201 132 114 295
279 192 75 130 11 196 101 205 244 121 52 273 243 152 239 122 88 238 205 35
150 76 208 161 23 174 287 211 142 106 281 171 268 123 86 89 111 294 2 49
118 106 26 243 80 156 20 174 289 67 280 18 115 3 26 251 205 220 75 185
77 99 18 13 252 134 123 138 271 284 78 8 226 219 68 117 173 119 66 94
190 17 289 294 22 95 118 18 108 33 141 245 180 112 73 179 109 246 30 111
253 36 280 21 193 23 266 29 75 111 228 24 119 45 110 128 150 166 157 50
184 229 57 25 126 148 213 32 162 280 103 129 184 123 81 110 87 63 198 194
112 127 51 248 33 138 255 252 78 298 295 26 22 197 84 242 195 275 99 187
239 282 81 105 74 234 251 252 154 70 189 129 122 30 81 41 116 222 6 236
275 297 201 130 278 225 41 77 88 49 79 196 268 28 171 165 205 215 160 294
171 119 192 165 213 36 248 210 102 30 159 123 188 43 272 52 87 223 14 209
263 168 95 191 271 299 146 94 279 280 224 299 7 23 51 239 208 260 215 176
144 188 161 167 137 225 115 121 41 83 275 45 137 297 183 29 243 298 97 123
270 215 9 80 159 100 253 200 235 180 207 250 158 110 13 271 251 143 236 225
160 29 191 29 46 145 200 228 225 295 251 120 138 247 226 91 59 80 58 175
9 168 50 130 30 240 103 194 244 100 88 168 95 78 62 104 263 195 111 228
288 88 162 280 189 17 263 48 176 291 199 106 298 48 271 184 203 62 210 48
27 163 267 210 51 194 105 8 66 210 24 272 85 270 48 59 103 191 174 135
284 151 295 164 13 201 20 132 113 103 250 16 205 143 43 72 195 283 199 246
141 197 69 160 200 137 73 61 130 209 238 147 37 104 181 297 21 273 178 237
262 198 89 215 211 55 114 210 193 75 139 62 184 272 298 216 105 16 9 100
210 18 9 254 128 85 258 222 68 71 204 248 176 19 53 166 150 244 197 136
75 184 69 17 299 119 102 92 122 195 35 69 265 57 280 131 258 288 183 149
136 70 101 239 82 229 253 14 251 102 130 121 223 169 85 85 146 62 35 138
232 295 221 243 104 34 264 121 100 196 61 220 249 249 172 75 145 160 239 232
18 76 169 203 255 171 187 30 56 105 142 86 244 19 55 29 11 49 294 56
85 86 282 81 176 181 60 207 240 181 292 113 230 72 265 273 104 92 25 211
224 25 229 294 295 234 236 138 35 33 283 3 31 46 125 148 176 126 256 81
101 278 225 164 177 121 217 203 199 299 196 252 272 133 185 294 292 200 110 212
248 252 81 24 289 122 198 4 275 6 132 19 243 14 270 241 25 178 97 79
203 249 288 97 111 135 282 6 95 161 89 40 34 134 183 119 149 216 209 128
160 163 203 278 172 252 278 88 284 33 205 146 278 75 69 195 245 63 86 243
104 80 45 274 118 140 79 272 109 297 21 238 68 102 180 56 181 261 31 283
295 226 73 250 78 210 162 135 136 54 286 58 20 133 239 16 160 202 244 66
10 220 280 182 104 194 22 94 47 82 82 49 263 203 24 256 169 113 222 138
219 129 284 293 174 287 44 296 22 31 163 57 146 96 127 207 85 257 5 295
193 217 291 113 72 66 109 85 105 261 110 75 247 154 59 45 131 47 255 203
139 108 228 54 156 194 182 105 241 89 185 289 148 257 245 133 144 144 86 52
33 290 285 271 68 122 282 86 200 52 16 165 123 183 30 114 129 274 138 12
3 130 97 292 263 271 200 11 114 256 88 147 209 86 2 147 35 207 98 266
21 117 239 80 199 158 18 187 248 234 260 138 271 247 226 91 273 252 67 245
128 76 12 132 139 228 26 248 227 140 103 261 91 229 184 11 124 34 139 186
261 31 246 285 50 238 42 202 118 175 66 177 65 197 125 269 174 282 45 244
139 113 76 74 133 53 118 210 30 264 123 139 80 132 164 194 187 28 207 113
214 100 287 281 96 150 17 172 130 239 264 64 269 172 51 230 144 167 282 103
12 106 112 82 38 250 237 12 227 122 142 15 288 107 277 50 179 54 286 106
47 232 80 252 111 165 248 33 114 236 168 76 224 282 243 223 171 274 21 138
231 181 292 222 92 222 297 144 135 146 206 38 219 275 241 124 118 173 54 264
103 241 63 237 40 202 8 224 14 27 220 262 130 105 186 273 3 23 179 263
208 125 93 168 16 118 10 24 243 245 288 99 69 135 237 241 249 237 194 182
32 113 164 80 274 296 151 286 53 282 242 103 16 245 184 278 264 71 86 65
82 287 6 208 176 165 40 221 60 69 211 6 101 1 203 51 180 59 54 223
57 140 286 163 269 119 191 132 91 189 227 260 120 272 255 102 67 115 230 297
164 81 79 175 273 267 10 160 34 226 89 20 153 19 291 60 40 217 32 175
288 167 162 244 72 146 252 52 153 153 252 148 144 89 44 13 170 93 161 238
162 241 253 39 268 218 212 102 256 44 68 163 105 68 73 27 202 97 29 107
75 171 41 242 156 239 78 226 225 146 31 148 276 78 121 278 77 186 179 236
287 38 247 25 252 110 79 75 159 168 190 245 193 108 39 270 116 268 276 225
68 159 195 211 253 60 192 236 150 2 152 244 171 24 56 132 124 239 144 182
41 280 165 126 231 19 88 165 96 174 270 104 204 96 107 218 114 25 112 126
137 255 92 133 111 11 265 222 111 100 105 128 71 84 52 220 258 109 189 4
64 67 115 11 34 83 181 91 258 200 295 249 23 163 20 80 175 90 124 201
283 166 106 225 255 137 132 30 259 121 145 169 217 206 165 116 74 128 177 267
70 268 93 206 208 271 234 19 176 79 158 227 199 212 199 20 196 228 246 66
81 37 148 103 77 116 245 55 119 205 250 248 236 126 64 43 270 104 145 224
60 288 282 274 226 51 55 45 117 289 252 27 18 190 212 136 267 113 39 25
110 44 107 32 283 259 38 192 162 16 143 266 238 147 296 53 219 235 11 197
155 138 237 270 220 20 181 188 211 94 222 166 7 166 159 107 263 201 154 114
112 101 141 99 100 94 70 203 67 170 4 208 84 81 135 176 118 14 279 288
4 127 49 164 246 270 143 287 21 134 97 112 277 295 125 139 194 94 104 206
71 220 260 232 152 272 227 171 92 28 172 299 275 176 15 58 92 15 194 293
180 183 128 36 80 208 25 202 110 124 212 41 288 163 155 241 195 124 18 284
249 29 46 178 82 62 87 277 277 58 264 118 70 71 272 219 149 80 39 259
80 82 222 191 204 96 203 19 251 35 204 181 148 274 22 54 131 38 106 81
48 41 52 162 105 261 98 274 282 74 1 198 76 68 232 5 289 68 226 69
20 257 191 81 5 128 263 32 77 167 41 185 92 296 100 37 296 296 268 124
193 194 168 242 223 248 137 261 244 291 149 172 170 221 78 270 83 116 124 230
269 231 85 115 142 49 203 218 5 55 293 249 219 42 238 239 235 153 139 6
111 123 108 141 128 96 113 138 240 190 23 168 96 264 66 248 225 103 240 42
144 173 297 68 157 118 33 149 222 112 64 61 92 43 38 238 31 177 60 119
153 96 294 269 278 42 42 208 13 13 183 7 241 1 294 277 145 214 30 219
266 8 89 209 250 283 23 210 86 68 253 15 132 64 224 222 218 3 66 101
297 231 152 185 268 196 152 90 117 55 297 234 220 39 157 255 41 101 44 126
111 100 32 80 267 140 41 63 228 244 25 271 226 154 269 268 257 170 214 45
11 28 23 221 70 63 47 98 135 144 278 110 64 244 19 16 267 240 148 265
242 74 211 53 149 228 56 12 160 9 53 79 187 180 189 193 246 182 8 236
6 179 173 293 69 287 173 66 37 17 109 151 265 234 71 245 232 52 134 256
126 292 27 281 7 273 33 7 23 278 103 188 188 84 177 255 166 38 169 30
45 277 174 83 219 160 233 119 270 36 5 82 5 3 138 254 65 237 32 114
81 44 41 153 51 172 65 25 70 123 128 190 248 249 125 117 85 266 189 159
269 245 119 248 167 166 224 153 179 180 240 169 102 262 5 107 124 88 53 114
25 129 257 42 284 8 113 38 145 226 15 55 139 236 213 42 90 242 251 192
52 292 144 38 215 15 158 54 227 166 295 42 22 198 108 40 185 102 101 256
86 137 219 154 89 294 153 108 291 288 266 3 129 41 71 55 6 223 10 284
207 73 208 234 211 185 168 259 168 155 272 81 109 103 12 186 69 81 268 250
74 64 204 32 232 116 61 173 129 260 260 50 222 24 261 271 252 30 184 75
52 271 30 132 69 63 101 159 229 140 287 19 93 281 166 17 255 156 167 287
170 66 256 34 51 118 19 235 246 36 21 221 128 262 22 59 232 278 230 230
203 139 238 258 90 217 292 181 166 264 163 53 251 273 107 169 165 184 38 154
107 156 75 25 242 125 181 145 74 98 8 250 36 259 103 185 53 214 52 110
48 265 240 194 88 201 68 268 72 38 46 119 145 32 30 297 91 39 254 128
141 147 271 176 51 234 154 191 224 292 124 53 84 260 212 288 90 295 139 38
121 58 201 100 133 172 127 136 10 244 286 269 194 122 184 254 239 221 108 215
46 267 271 31 177 118 200 76 214 279 124 260 163 195 7 270 186 16 267 21
135 286 199 90 29 169 62 21 221 119 117 38 254 90 150 128 213 274 121 171
20 262 200 280 132 179 64 296 119 254 124 103 266 281 72 36 194 217 82 163
43 232 293 142 30 98 87 67 235 163 199 125 297 168 230 192 210 256 222 17
234 92 237 119 293 162 64 5 47 253 15 204 11 284 82 176 140 122 110 37
47 149 118 30 269 64 38 77 51 34 83 16 193 229 28 266 229 176 281 188
175 146 85 83 261 164 263 223 33 275 231 188 43 8 299 90 295 231 105 265
218 42 247 196 170 181 223 95 66 99 4 102 120 141 100 294 52 59 117 105
102 283 1 64 137 230 156 270 138 92 193 5 207 214 108 26 11 136 77 58
131 153 206 253 219 39 26 287 293 222 225 194 147 81 111 174 88 139 62 190
158 16 297 71 186 274 12 4 81 249 62 237 192 198 17 178 103 24 17 165
266 220 203 80 109 42 282 254 57 173 151 97 112 142 257 181 27 49 32 221
290 193 44 235 23 46 216 240 136 122 194 14 82 197 203 69 189 32 7 37
194 92 259 127 26 214 133 275 59 66 86 40 296 80 120 3 25 136 8 197
64 193 88 251 211 275 131 53 285 266 84 283 264 42 195 70 227 56 94 223
103 173 202 93 273 175 117 298 189 116 86 219 173 250 25 64 293 94 135 224
14 98 208 124 42 250 109 277 298 160 230 90 186 195 138 109 208 28 5 134
3 53 276 223 69 108 168 53 37 69 38 184 35 252 248 194 252 61 292 107
106 142 43 253 115 50 174 32 186 285 23 10 7 148 277 202 93 222 41 29
164 121 71 109 25 150 294 293 114 187 191 93 252 194 222 230 94 33 299 23
172 166 142 209 14 291 161 201 205 63 95 117 66 4 269 20 76 54 118 39
162 71 31 90 90 147 201 189 96 264 113 152 83 71 34 222 285 255 14 62
16 289 73 124 278 177 121 48 200 175 129 122 234 254 71 2 141 278 70 91
132 87 11 264 104 175 222 45 121 206 127 287 149 162 109 140 26 94 201 15
109 144 87 191 283 25 163 161 35 262 263 215 12 126 33 11 196 292 66 259
66 37 265 155 271 120 285 239 64 165 285 74 121 154 38 84 62 14 219 70
159 66 241 68 223 59 129 24 49 67 177 269 10 205 222 212 152 206 55 276
81 116 1 5 102 289 186 81 21 299 91 36 74 117 104 21 31 257 86 55
182 59 261 19 18 264 175 159 192 265 235 85 183 174 232 178 137 124 184 298
146 240 163 265 201 15 259 204 137 119 37 181 292 197 266 214 285 269 150 161
79 152 271 25 63 35 196 146 125 233 3 127 126 259 43 253 158 47 169 66
124 170 195 11 280 72 10 37 40 193 280 51 156 131 292 156 21 89 7 82
167 77 183 180 91 173 170 292 154 180 184 238 165 86 100 148 111 215 140 188
25 279 53 16 155 50 278 252 246 147 77 148 255 120 266 190 11 268 128 67
87 119 266 66 181 139 234 200 217 83 253 273 90 182 92 155 231 298 138 253
117 97 81 233 292 142 10 14 171 112 251 223 228 124 67 158 85 45 225 203
210 65 70 62 104 159 228 15 12 238 10 1 112 150 46 73 165 157 280 101
199 38 187 274 43 6 275 290 44 45 94 181 65 248 235 251 120 141 55 3
115 264 292 254 93 265 109 282 207 181 155 210 122 266 299 209 117 19 183 269
133 62 211 274 167 287 19 61 177 48 205 93 114 23 279 162 286 83 242 102
22 131 54 213 158 46 107 112 7 271 34 61 139 211 25 259 134 133 19 122
43 126 250 204 20 12 224 209 121 162 255 186 166 114 60 144 9 237 150 4
258 236 1 128 82 138 83 175 113 243 263 167 186 200 188 3 292 86 157 40
266 20 16 281 292 288 242 140 286 276 60 172 75 83 152 6 86 2 97 153
19 22 27 240 31 235 133 75 285 163 123 94 92 202 238 288 193 69 21 281
51 2 271 235 129 7 99 123 98 76 228 260 113 45 143 130 281 272 252 21
37 140 219 213 21 262 238 105 58 1 215 282 289 185 264 200 123 185 299 139
156 24 255 157 245 208 151 245 268 37 5 136 261 43 248 271 217 260 109 98
43 39 170 203 137 6 157 162 265 196 95 262 192 219 30 209 180 3 275 256
278 2 146 183 15 136 11 97 149 141 200 87 130 245 84 37 175 190 190 107
162 291 35 182 15 142 51 200 249 108 97 81 178 16 165 151 192 31 275 14
295 185 103 96 62 153 246 13 277 66 216 224 72 197 139 237 241 87 178 73
39 111 228 41 221 97 253 95 285 32 15 195 288 96 136 88 285 31 91 29
67 126 202 97 243 57 74 262 262 272 282 196 208 208 74 151 145 236 291 112
276 261 89 295 276 91 55 296 256 182 210 246 209 57 119 185 228 288 88 92
212 247 86 85 276 252 100 201 184 240 218 217 143 65 246 88 46 6 296 85
248 263 211 286 169 238 102 289 147 124 167 178 229 262 175 183 207 43 121 119
7 175 12 58 183 130 190 148 136 238 221 249 36 108 265 26 57 292 67 118
181 161 59 14 270 58 271 151 131 110 292 101 10 179 108 168 176 296 93 298
30 282 256 23 245 219 61 139 11 196 99 141 25 269 86 207 154 295 299 89
259 17 52 267 288 58 189 294 29 145 242 279 75 15 105 120 234 120 54 291
78 45 281 271 137 105 123 267 4 169 180 82 272 155 150 39 220 49 17 6
14 263 31 86 105 116 127 175 34 133 26 160 48 93 252 28 220 257 250 258
277 26 250 194 1 173 20 84 290 112 232 177 35 113 205 275 131 254 103 84
283 97 228 110 176 262 153 81 296 218 212 157 170 94 236 218 149 82 276 57
138 248 72 150 238 18 153 230 180 50 129 112 214 11 164 272 189 156 200 135
63 256 111 71 101 93 259 156 79 287 206 102 103 184 61 276 207 264 150 8
109 33 268 100 248 29 65 65 179 299 215 255 112 94 255 76 74 274 153 65
29 246 145 61 173 235 178 201 97 244 257 97 167 115 125 229 273 72 281 90
188 33 153 273 231 94 187 272 42 45 193 206 39 111 162 184 225 219 49 55
41 26 20 92 27 151 274 48 99 296 178 248 238 65 259 255 119 278 30 87
68 280 291 12 126 130 267 180 145 66 81 298 296 125 199 98 285 215 30 121
6 265 193 263 3 288 156 35 21 40 247 209 244 39 92 22 277 232 154 185
170 37 258 241 147 91 225 59 258 97 35 10 32 2 207 19 245 89 167 25
282 245 28 83 187 94 155 112 207 23 76 92 114 20 144 92 278 140 223 112
166 238 174 291 11 133 71 3 64 71 88 9 237 240 180 160 23 208 224 36
52 164 205 175 261 177 66 168 232 89 272 58 187 262 20 169 152 51 244 90
289 237 57 3 81 196 179 135 250 184 187 112 93 33 175 26 201 162 77 93
116 59 273 55 184 206 120 277 111 30 187 16 244 225 24 119 237 35 185 265
293 192 25 250 119 189 52 75 112 5 43 173 77 171 114 77 153 283 71 57
207 250 4 78 70 159 259 158 212 273 213 241 73 4 213 252 86 27 22 62
283 232 221 139 211 10 190 153 52 74 1 233 294 228 238 102 23 15 105 284
74 214 214 31 266 170 31 44 260 183 13 179 33 219 99 152 17 111 29 144
213 108 193 55 142 162 174 2 120 25 59 193 138 78 244 206 117 127 283 35
163 139 228 63 191 264 138 234 296 266 118 194 245 3 158 235 186 241 39 257
65 244 214 215 91 241 11 204 145 262 79 245 40 216 126 114 191 270 129 115
265 208 87 84 272 115 34 14 122 59 111 148 258 47 45 180 88 222 123 210
2 35 151 118 4 212 232 6 240 152 164 2 94 283 258 70 177 278 297 5
263 155 108 17 262 69 133 89 111 174 155 118 156 166 207 190 70 200 154 69
207 138 294 261 288 205 41 60 185 292 182 225 15 273 37 251 73 111 83 79
115 115 16 270 27 268 103 271 108 92 171 235 74 148 159 110 246 236 152 258
134 153 167 252 45 193 143 70 84 248 222 124 83 83 290 105 161 158 97 64
293 244 292 160 10 25 45 192 153 242 31 182 275 244 49 32 136 26 71 226
242 118 4 81 160 15 14 39 205 59 259 118 195 85 46 259 19 126 266 3
154 293 297 119 285 36 286 90 125 272 182 108 280 167 159 1 154 167 226 294
88 282 28 33 32 176 193 240 208 84 251 225 175 277 158 107 121 160 180 291
173 35 285 176 271 70 111 125 193 143 82 224 246 55 235 114 243 77 147 32
264 279 48 262 146 22 62 287 279 241 142 113 152 62 203 65 29 23 59 92
128 36 161 241 183 102 270 272 88 88 20 33 132 64 73 179 50 208 201 26
242 250 61 282 39 164 91 142 171 143 252 15 133 249 157 45 56 61 20 14
224 200 284 188 126 161 46 204 43 23 73 185 246 15 82 183 18 254 172 137
221 242 123 116 274 288 13 288 1 168 137 292 129 223 258 223 289 201 217 13
41 165 203 274 71 137 10 254 183 35 65 82 229 247 27 186 232 40 157 139
165 271 177 287 49 187 147 222 115 229 66 282 257 212 76 36 269 78 295 129
238 124 197 36 219 140 101 61 262 285 225 202 182 88 5 85 84 165 41 22
23 238 245 166 200 1 271 4 30 132 123 157 117 70 77 154 94 295 252 200
150 113 230 182 71 277 182 239 131 20 172 228 191 255 254 139 296 4 24 34
5 163 64 191 187 152 33 85 187 2 174 127 253 13 151 146 38 218 245 227
149 106 187 126 194 187 216 93 258 25 186 90 5 264 66 225 224 88 31 62
49 246 80 261 4 47 85 139 132 207 230 177 228 96 199 131 148 54 219 68
121 138 40 153 262 99 233 227 86 115 176 147 282 199 291 261 31 154 113 244
258 184 126 265 161 234 17 136 14 108 109 125 198 191 26 275 186 139 126 169
38 158 243 82 105 36 107 88 267 151 162 17 31 82 86 131 37 12 84 265
141 202 31 204 16 4 217 208 184 39 164 128 287 208 129 192 137 196 261 176
41 174 114 128 90 79 208 186 75 226 57 140 61 85 277 28 272 95 289 236
130 154 235 168 184 255 290 165 117 243 17 100 151 258 119 229 45 136 269 286
20 251 135 235 196 45 64 263 142 157 223 180 281 157 37 174 270 34 25 209
281 74 132 201 63 28 191 113 281 260 83 6 74 77 285 216 73 78 14 290
59 67 207 260 187 87 256 178 63 245 151 185 83 272 153 97 101 276 160 62
246 298 41 201 184 151 287 127 220 225 81 294 8 2 71 294 169 295 149 31
170 122 233 49 11 115 80 242 102 141 236 196 202 190 31 250 81 106 195 8
221 176 239 22 14 226 102 88 283 120 225 53 210 116 262 94 15 253 11 7
97 24 291 84 270 157 244 299 100 283 18 57 232 238 150 219 241 33 6 215
176 222 190 172 231 258 277 121 182 39 83 145 184 6 130 79 198 144 42 263
174 285 214 170 11 218 173 112 129 263 131 107 105 93 130 86 209 238 67 112
132 166 45 297 120 35 33 235 197 93 124 110 216 142 96 118 286 60 243 185
281 162 154 69 8 261 154 261 271 268 55 257 256 74 183 235 231 111 145 239
203 10 189 127 66 247 264 77 286 106 132 285 96 122 110 113 67 169 176 163
194 92 263 239 23 298 14 186 8 92 256 203 13 229 4 26 235 117 77 99
269 123 202 299 257 80 177 271 129 116 245 213 90 206 47 71 79 276 127 162
276 203 90 33 293 297 95 28 97 237 121 10 35 125 252 268 129 272 180 43
237 42 238 241 91 184 249 245 133 186 104 160 268 8 151 228 183 160 3 73
10 191 89 162 89 40 234 40 175 80 117 179 20 134 26 293 207 105 114 259
287 113 55 160 252 66 123 159 271 68 141 101 107 51 286 125 192 239 53 238
105 210 13 95 83 69 148 239 64 159 208 1 273 195 37 44 23 76 79 223
260 261 192 18 25 171 21 72 28 146 268 58 244 69 111 126 299 170 246 3
186 36 3 49 229 144 198 133 50 29 256 63 103 232 8 105 293 115 13 142
88 127 87 290 151 200 141 261 260 11 130 294 19 185 138 184 193 227 204 199
98 89 27 4 229 44 187 167 277 230 46 82 113 283 81 29 47 168 149 200
32 271 239 216 147 234 122 290 232 28 129 97 263 74 248 14 109 51 198 111
116 178 174 78 32 113 228 36 46 51 107 140 280 259 285 102 256 95 159 6
225 51 57 118 84 34 206 214 155 2 195 15 174 182 235 197 233 86 232 73
40 205 195 126 30 155 110 133 133 119 108 26 142 101 281 134 5 237 57 233
115 50 275 162 187 67 259 118 184 281 64 168 79 189 247 40 268 260 181 267
122 160 297 57 172 217 266 244 226 61 204 297 217 135 73 138 234 107 141 232
292 126 208 111 206 15 74 93 259 208 180 142 293 77 78 203 22 81 79 235
128 140 216 203 189 246 295 34 225 292 255 203 186 71 7 42 68 54 273 230
130 247 68 3 261 33 253 200 198 195 126 270 70 245 288 234 104 69 117 127
112 239 123 18 280 216 160 232 216 290 138 262 114 213 226 131 170 97 204 1
134 42 294 6 82 289 123 143 192 145 173 136 115 67 272 182 1 277 46 83
168 299 25 148 157 198 183 104 194 251 295 235 229 168 280 267 192 260 51 193
215 200 297 12 223 167 224 277 46 201 52 131 99 34 64 221 68 177 186 185
131 240 142 271 118 95 86 129 121 160 187 233 47 173 223 98 42 248 68 43
75 135 200 231 12 232 190 157 2 41 37 236 281 79 272 180 268 23 87 58
266 64 169 35 126 164 188 14 297 155 206 71 112 43 264 253 242 122 140 87
263 269 279 106 125 67 211 273 13 182 135 184 167 110 15 226 206 39 189 291
209 178 208 112 2 24 6 25 50 188 106 13 77 154 200 81 27 247 46 12
196 137 67 242 163 258 292 53 3 253 201 221 106 253 168 274 44 25 27 253
15 164 61 23 135 46 217 7 69 263 292 111 252 243 33 10 156 100 91 288
272 139 47 84 114 89 214 172 72 220 221 102 181 65 74 173 28 80 170 44
222 152 58 261 42 157 60 122 7 216 24 36 41 103 196 136 26 128 13 76
69 271 102 76 240 199 237 31 220 82 37 102 139 217 175 30 80 83 154 255
287 133 7 185 18 33 189 209 205 139 136 186 161 222 161 240 215 290 165 111
106 122 153 127 66 290 129 242 224 181 69 55 27 159 236 146 268 278 263 44
256 219 27 199 267 266 92 72 231 166 35 27 155 12 205 29 250 296 132 43
205 297 53 50 155 158 223 108 209 220 268 217 245 1 139 246 203 170 247 38
299 272 281 209 119 68 175 135 272 221 186 267 121 75 172 241 52 39 130 237
109 48 38 105 173 123 277 262 229 223 160 87 63 123 162 225 93 176 201 260
178 54 27 246 90 54 228 227 4 133 116 71 80 242 212 150 142 251 95 173
166 226 45 86 230 107 192 276 116 187 226 251 284 77 132 34 2 65 143 31
53 252 116 163 2 146 275 220 210 293 188 48 112 252 112 213 169 157 87 65
259 87 246 159 14 165 182 197 110 283 269 174 116 125 116 158 115 248 270 139
283 96 228 70 185 189 189 49 122 150 40 123 241 56 82 246 172 242 53 147
238 190 294 276 12 252 282 8 289 245 267 237 9 258 71 35 65 22 71 140
182 3 97 27 74 30 133 240 220 218 38 159 210 184 294 153 282 174 99 202
239 21 79 29 188 41 69 78 73 90 25 126 92 75 136 90 272 104 42 177
267 256 258 97 10 118 166 222 284 187 113 60 257 214 154 97 88 256 203 42
174 289 273 143 179 248 296 8 190 64 101 11 64 76 256 38 43 294 23 129
191 60 111 123 192 228 19 182 98 265 231 185 3 218 251 42 290 194 215 84
33 19 217 161 82 135 223 285 102 79 264 34 157 217 243 68 77 110 139 199
144 202 71 240 275 146 274 173 203 283 261 181 43 8 33 141 285 290 59 297
56 1 263 167 40 66 107 284 136 36 219 240 143 120 5 199 267 267 134 29
188 113 52 266 3 271 204 39 254 24 113 296 144 245 140 137 3 264 149 83
170 141 43 17 41 104 114 144 25 75 134 132 61 274 104 193 270 131 90 255
33 63 14 167 5 35 216 98 186 74 194 224 125 18 223 234 287 100 137 58
105 16 297 45 299 26 103 262 128 89 52 154 155 207 298 40 68 106 85 120
138 112 129 96 72 126 227 36 236 109 189 106 228 160 82 226 4 110 54 208
278 158 253 54 229 33 154 220 293 92 258 268 290 141 121 2 124 197 191 213
299 168 171 50 251 168 95 222 161 283 166 282 127 74 10 54 102 278 257 269
87 250 221 270 79 68 72 275 194 265 171 73 237 225 216 233 135 233 200 135
29 134 40 103 193 9 134 85 166 62 157 274 87 135 105 20 127 80 151 144
284 165 80 143 65 98 263 63 30 206 1 228 297 155 234 192 242 2 29 187
137 116 207 191 232 82 281 9 72 224 108 214 86 50 33 43 140 218 202 16
137 220 201 52 159 241 197 22 219 60 144 232 268 286 24 41 25 36 27 192
242 8 111 206 108 255 215 261 250 273 48 209 32 81 153 258 95 102 280 290
134 252 280 60 156 160 44 8 286 67 167 263 37 79 293 293 161 212 158 207
23 256 185 183 129 266 93 94 114 110 174 81 204 242 17 160 148 215 35 232
196 12 202 133 70 165 23 9 150 76 38 115 34 239 108 99 75 147 139 277
93 1 246 280 81 298 84 271 221 242 242 287 90 175 100 232 180 222 78 128
190 78 8 21 181 174 11 207 145 114 143 234 118 244 205 246 245 162 205 204
100 75 89 183 105 184 297 211 97 12 136 207 222 92 202 280 145 168 137 287
262 195 69 200 231 7 140 49 272 233 58 100 291 152 296 54 84 270 215 290
84 73 244 151 95 56 279 108 282 177 291 215 112 251 95 136 202 215 45 162
16 30 33 102 92 236 216 186 65 100 21 110 187 27 42 137 52 240 255 207
142 178 215 61 145 270 256 77 45 59 4 57 293 201 144 189 81 152 101 94
77 123 182 70 21 170 130 204 38 211 259 96 236 49 62 114 210 90 112 173
299 94 229 291 195 28 201 51 187 75 179 9 128 53 231 98 147 236 230 278
187 84 143 32 262 31 273 204 241 257 167 135 294 280 171 147 224 127 111 88
174 159 48 287 27 251 226 268 204 269 31 188 248 74 120 2 245 9 37 138
259 178 125 254 136 41 52 59 65 147 153 9 247 181 75 138 125 225 110 131
278 89 283 73 39 81 237 51 60 210 285 97 211 162 275 43 28 231 138 241
102 156 132 208 78 93 141 34 275 247 6 265 175 267 212 40 252 131 236 162
91 189 155 32 21 47 209 69 48 216 247 30 206 8 147 43 106 167 109 296
96 184 258 48 222 229 9 286 166 289 248 227 174 195 16 4 67 57 114 24
264 75 221 73 185 118 75 33 211 91 208 169 104 39 219 50 40 96 185 193
71 217 12 108 59 118 87 152 123 53 239 168 52 203 104 281 163 186 272 267
11 208 281 264 88 145 77 49 226 86 161 248 248 109 162 8 7 229 89 218
64 6 23 266 143 202 223 237 63 219 27 46 230 171 123 23 280 183 285 7
193 274 130 189 103 164 168 44 276 121 5 157 175 114 289 87 117 279 67 216
230 172 198 159 171 242 95 180 107 171 35 228 24 206 125 36 59 82 138 148
131 68 283 282 228 214 160 159 299 231 295 272 77 46 123 248 57 40 4 40
222 257 170 22 287 235 238 297 213 109 156 70 209 68 239 178 148 263 24 282
151 119 188 119 258 212 267 158 244 72 13 79 106 177 213 243 288 230 24 74
123 159 46 166 43 2 172 268 298 163 55 91 184 228 287 72 62 141 110 146
267 285 133 25 7 131 101 54 51 37 119 73 266 164 77 1 173 134 128 168
41 253 271 27 72 62 292 289 51 42 289 289 69 86 71 144 104 182 10 60
279 79 215 204 284 39 105 60 153 69 167 215 267 122 168 219 17 54 18 283
67 254 270 194 84 65 252 132 254 83 158 47 89 147 283 279 131 42 86 153
215 199 68 89 254 124 152 75 235 59 142 79 254 296 87 210 167 43 50 276
254 226 28 276 93 159 253 170 151 295 8 289 11 212 172 139 26 214 290 261
244 43 160 285 155 38 228 130 121 246 294 69 201 108 262 148 65 250 224 134
39 160 14 17 20 21 190 283 123 176 188 240 25 248 244 140 280 172 192 190
126 35 130 161 294 186 36 34 41 247 103 53 45 157 125 127 21 188 62 168
102 185 42 291 90 273 12 138 237 196 37 189 62 158 225 190 270 274 255 261
36 116 33 237 287 69 175 87 143 156 37 133 109 270 212 12 169 6 291 26
230 198 172 15 75 97 227 249 68 148 295 249 248 84 71 254 245 48 165 187
171 275 122 150 250 138 294 28 121 34 174 58 1 13 252 176 278 270 258 299
170 200 190 213 276 284 292 63 288 76 257 145 277 111 274 298 104 165 283 154
67 88 244 143 197 89 258 230 239 3 133 122 77 188 220 93 1 54 124 225
183 114 166 2 34 76 82 209 260 212 236 63 210 169 38 139 214 36 258 225
205 149 221 224 89 51 76 264 20 22 56 225 293 172 116 205 170 263 51 219
239 121 49 239 140 254 105 170 120 41 152 122 53 113 28 161 198 191 79 252
81 264 198 47 214 3 149 90 94 294 6 82 247 157 10 143 166 61 93 161
274 115 61 121 207 67 59 96 242 299 21 156 102 268 56 290 160 229 37 14
296 95 33 249 207 251 257 218 211 36 27 111 121 65 206 262 124 207 194 46
169 204 9 156 235 191 90 103 63 206 59 58 68 281 13 87 15 279 118 45
158 74 188 59 260 64 134 169 247 125 157 194 162 128 37 108 160 233 68 75
181 38 177 244 4 170 156 189 2 150 119 165 217 8 21 109 222 261 89 127
119 27 239 244 255 237 46 228 17 145 68 181 10 101 298 169 229 165 19 65
223 196 242 8 94 29 57 176 299 188 41 214 194 26 47 99 212 205 97 248
163 210 104 195 293 27 97 125 133 28 60 256 89 152 249 171 286 288 61 252
88 90 188 264 148 202 46 166 268 243 33 42 242 138 181 163 70 161 24 10
166 212 167 205 139 231 284 296 17 147 259 50 214 22 133 131 260 13 280 273
295 4 85 177 265 71 132 283 274 78 157 106 249 245 125 126 192 204 18 172
293 83 121 127 77 115 264 152 43 136 122 263 52 58 111 287 284 136 96 243
138 94 64 137 176 57 85 240 55 260 181 170 117 204 89 28 171 53 118 147
209 240 78 65 289 172 220 81 175 70 53 181 116 203 180 210 133 156 35 169
296 263 189 65 73 291 269 286 127 166 36 236 245 266 271 131 53 52 269 292
186 198 1 129 252 295 198 178 42 40 18 151 144 6 84 72 262 243 12 45
206 233 206 258 37 15 245 185 176 247 17 117 108 211 124 82 248 92 201 228
227 57 29 175 187 194 181 124 128 210 293 166 236 104 115 149 2 250 297 177
218 296 236 181 228 38 220 141 14 37 111 157 44 284 55 36 93 282 290 175
172 80 258 99 204 200 30 153 215 287 289 229 24 84 111 130 132 145 218 10
176 42 31 180 155 178 250 28 251 185 234 137 127 82 229 191 224 263 261 22
116 111 15 257 85 99 130 128 29 246 206 197 49 88 164 188 165 151 85 81
133 213 56 116 125 120 288 3 251 283 143 188 282 144 47 229 273 205 155 165
232 132 109 91 31 61 287 105 225 104 105 172 26 138 217 183 238 281 230 289
155 205 154 137 16 117 273 296 16 72 237 166 268 26 179 48 273 64 32 72
84 272 31 285 196 32 299 7 289 253 138 78 16 52 76 248 290 89 283 136
123 93 149 75 173 164 111 166 289 270 105 68 125 72 198 273 50 158 208 214
4 290 61 95 88 252 10 87 196 132 197 193 189 190 124 140 263 181 295 18
115 75 278 211 148 73 53 218 259 241 14 206 181 115 192 147 5 83 193 222
16 126 166 235 289 99 51 156 24 235 8 87 63 62 104 3 291 177 87 83
199 241 79 3 21 54 15 143 31 291 67 159 109 222 151 210 28 253 153 86
50 92 76 269 192 1 222 126 130 180 291 153 128 48 179 76 149 8 25 51
102 73 2 223 166 2 101 273 128 249 11 177 204 107 227 170 285 45 6 216
195 243 74 291 75 181 245 279 4 167 236 86 131 61 158 160 166 140 109 52
275 145 35 25 6 290 90 167 168 80 258 14 285 182 127 81 59 110 261 181
178 167 29 289 74 263 115 73 187 136 228 213 215 133 210 76 227 230 231 148
119 274 14 86 72 16 82 74 29 296 232 159 13 187 61 205 120 47 174 232
195 90 8 268 238 53 80 181 66 19 115 299 249 81 192 116 253 54 241 221
162 142 213 77 90 78 133 46 77 155 54 119 124 93 7 142 142 193 281 298
65 172 72 289 132 16 278 82 115 211 168 29 217 201 18 131 157 298 193 233
281 115 4 115 232 75 206 276 82 229 249 98 259 215 11 186 77 267 218 245
240 153 111 296 243 92 64 112 265 96 267 4 215 235 207 215 32 105 71 246
109 159 59 152 94 277 100 134 208 154 14 283 215 158 66 92 194 297 71 190
172 142 165 91 3 11 275 125 247 102 120 71 88 182 69 63 52 184 284 150
268 199 87 216 277 92 36 285 20 79 121 187 295 92 89 38 8 179 17 150
90 295 200 30 86 257 90 267 274 177 290 207 227 192 25 54 16 20 153 97
214 259 171 242 18 178 33 221 50 252 286 256 205 103 139 217 107 65 84 64
201 164 242 126 12 132 88 31 59 166 71 253 154 181 253 246 246 198 214 58
101 295 226 61 253 94 65 249 38 24 133 103 221 192 291 213 274 284 142 30
15 127 74 127 294 121 139 137 193 119 281 226 103 160 177 261 279 298 116 183
221 71 194 131 173 101 169 282 211 56 3 206 109 67 23 41 123 289 92 227
274 141 88 19 132 276 169 25 284 137 66 277 81 107 92 204 76 21 70 221
113 57 10 211 54 235 249 297 276 42 256 123 232 14 171 246 122 65 95 114
43 27 245 32 246 268 184 292 161 198 8 215 40 69 156 164 265 140 183 256
18 177 146 90 294 258 218 87 183 97 231 2 230 219 153 153 7 109 102 265
159 171 107 146 298 243 230 79 1 292 182 65 30 109 240 215 183 194 289 292
10 155 54 282 191 21 218 137 35 54 260 131 262 74 261 10 57 48 210 248
125 53 86 158 268 200 208 204 196 291 153 119 32 239 114 166 243 36 170 207
180 205 147 219 236 229 252 21 119 230 280 159 195 76 227 187 281 186 214 281
204 50 183 53 32 28 155 222 284 89 298 131 90 259 286 112 207 114 55 134
277 61 96 180 119 294 128 127 96 38 7 242 31 123 248 18 132 150 84 194
268 7 162 156 258 160 298 152 279 220 211 69 6 168 191 172 246 196 217 26
202 34 278 214 172 272 175 155 145 217 41 153 133 166 107 209 208 98 64 36
127 21 237 146 5 281 181 106 24 133 299 47 137 135 182 103 11 121 11 194
294 80 189 39 139 209 288 88 126 112 100 295 273 184 269 268 100 161 23 213
184 190 241 154 177 271 114 10 265 124 14 174 241 118 55 244 214 263 146 222
18 119 258 237 285 280 258 194 45 40 113 220 89 190 203 157 190 296 82 174
110 53 261 288 102 111 205 73 33 47 107 186 96 199 22 234 181 103 222 224
258 2 242 281 264 252 73 267 150 20 174 284 230 296 246 296 221 133 216 174
185 101 71 230 153 115 88 181 174 288 21 145 293 34 197 135 243 18 89 39
176 13 22 248 245 98 190 177 156 213 173 34 259 211 46 237 29 60 241 21
164 147 45 275 197 98 81 201 286 282 230 31 49 89 174 257 62 102 168 179
236 184 198 112 267 58 295 273 225 228 257 32 209 116 288 51 32 151 127 131
253 64 241 99 91 13 213 25 280 13 257 52 249 198 150 253 185 107 182 194
270 209 186 224 48 132 228 136 47 57 262 185 134 153 267 188 94 85 40 7
5 258 250 14 45 181 238 200 14 86 184 299 223 109 179 2 54 113 266 285
61 144 203 155 157 178 164 50 265 119 288 79 240 194 136 192 118 26 78 84
297 237 101 199 252 128 121 296 263 81 166 187 191 185 252 260 3 35 4 140
228 13 236 201 57 241 251 139 122 232 159 108 222 252 40 129 9 131 157 208
32 13 241 113 26 141 56 1 148 42 197 178 12 292 223 238 63 139 62 53
65 140 270 142 253 15 5 88 199 250 1 80 246 244 274 54 217 283 177 44
180 252 132 14 113 88 270 6 13 103 282 48 34 73 83 28 35 91 126 16
232 105 190 109 23 10 107 7 165 16 14 107 51 192 142 219 279 210 53 98
213 271 271 216 53 212 2 97 144 70 32 112 198 102 22 2 66 93 226 121
85 50 90 126 94 13 152 160 149 28 109 4 134 210 230 223 196 88 64 136
97 181 182 251 123 233 167 274 197 278 284 38 19 200 216 92 218 31 281 192
41 286 143 270 220 111 105 87 254 129 240 43 213 241 210 256 171 21 177 30
55 86 210 206 3 259 35 258 197 153 241 273 207 103 120 283 127 33 104 244
178 18 284 32 160 150 47 164 22 41 123 199 83 276 292 62 36 140 69 52
119 38 62 5 221 63 77 296 211 89 61 179 143 92 218 166 44 288 165 32
151 159 298 273 193 88 60 146 172 249 49 96 117 264 197 73 154 47 116 295
206 116 69 197 85 217 261 197 200 179 142 68 160 10 65 166 231 268 234 99
130 75 38 92 125 228 159 245 18 3 244 215 76 199 255 273 262 290 21 283
7 245 230 148 5 129 228 143 46 72 284 240 182 217 87 2 15 109 294 298
137 252 9 262 20 177 27 216 123 52 237 221 12 61 167 236 53 52 41 116
212 267 129 278 151 142 222 274 246 158 149 85 284 211 290 230 5 59 265 105
122 75 81 178 228 235 146 249 211 276 70 279 270 173 293 128 273 255 9 176
110 131 65 31 86 123 32 124 162 90 116 283 217 264 260 209 147 177 286 235
167 107 175 203 182 295 18 231 279 20 240 31 94 236 193 175 115 212 288 182
191 21 195 66 181 129 137 217 8 114 238 59 282 174 265 39 159 17 43 206
96 39 128 113 216 26 263 178 45 249 184 29 121 157 178 24 62 258 41 76
134 291 263 108 69 259 43 264 171 199 30 129 152 166 123 170 36 219 125 87
16 5 136 261 239 77 12 177 102 225 284 163 39 77 206 59 238 105 245 215
41 184 158 274 254 107 259 225 168 126 246 38 291 111 108 278 273 238 13 160
91 175 260 160 1 146 292 194 8 268 187 188 254 185 264 294 16 35 37 108
86 203 249 29 147 166 50 115 267 66 261 39 249 214 187 6 249 54 253 184
131 108 24 64 68 255 121 174 240 226 138 14 95 21 137 25 297 122 256 139
254 50 258 244 185 31 77 262 264 83 100 231 116 256 102 159 241 183 61 102
196 87 19 59 138 215 40 30 199 146 214 26 298 286 26 225 108 164 125 75
169 262 1 237 113 125 138 28 22 93 289 241 242 34 274 87 13 164 7 219
165 152 209 200 148 41 228 255 193 145 90 239 141 261 207 71 12 128 162 202
236 270 48 131 201 233 74 122 81 183 237 26 272 82 254 167 192 217 281 177
78 113 78 73 281 199 121 130 127 290 259 74 104 225 93 85 118 194 11 294
174 178 9 61 271 14 66 27 161 219 188 290 118 247 53 61 214 128 182 163
169 231 53 5 167 140 169 223 3 150 235 207 281 271 218 34 250 291 292 233
29 179 29 60 234 264 86 144 266 54 78 82 194 117 135 285 53 289 89 243
275 28 232 60 287 8 287 266 243 44 224 81 131 64 147 86 233 206 204 175
173 265 106 276 128 265 135 33 17 252 255 18 239 269 275 56 288 215 297 193
160 129 104 66 297 4 261 215 10 66 192 247 252 5 228 175 198 215 15 28
46 22 181 7 6 231 205 232 222 163 196 12 149 90 233 204 224 180 150 50
158 60 9 126 216 278 244 139 11 153 246 53 49 135 290 147 246 167 223 135
175 16 189 298 39 289 261 279 97 165 94 98 291 195 291 198 244 162 93 24
280 60 132 137 27 87 77 200 150 45 127 135 278 92 169 224 147 94 185 276
106 237 161 51 16 161 282 217 230 211 206 88 37 137 184 19 81 185 267 93
15 108 156 122 175 76 254 174 293 65 53 34 169 245 154 67 123 103 177 226
243 81 289 223 126 48 199 112 147 156 185 255 296 228 243 179 151 159 266 36
144 112 127 231 42 22 125 284 23 241 83 247 90 298 281 229 136 296 136 13
6 157 85 126 237 138 132 3 17 218 288 100 253 99 162 53 44 60 227 276
164 121 44 189 224 30 68 111 286 119 9 240 153 33 276 127 99 238 31 139
242 268 226 262 156 179 144 215 225 30 50 263 188 160 124 272 71 215 243 49
249 193 43 231 261 5 113 35 296 129 152 210 14 1 45 271 108 64 32 212
226 94 40 224 77 140 43 26 212 14 74 222 292 262 219 187 210 85 95 139
178 280 237 158 7 17 89 292 136 71 152 132 267 169 221 249 21 259 245 221
91 225 3 275 185 65 214 284 236 5 290 227 75 5 29 26 137 42 36 71
250 58 267 209 246 240 284 73 154 214 175 295 52 98 273 19 108 269 202 29
222 98 66 146 273 195 260 208 214 173 286 182 79 225 23 23 206 258 250 50
163 89 293 6 95 270 49 90 184 9 21 194 185 26 289 4 217 267 248 21
123 268 285 4 84 220 171 76 277 176 23 26 59 3 17 133 121 87 46 5
19 13 162 275 107 44 126 148 219 99 70 292 155 284 98 164 1 217 43 138
282 232 278 88 185 24 158 167 49 233 140 2 19 210 74 182 144 244 93 156
218 162 66 275 158 280 240 234 182 186 151 155 17 12 227 168 98 36 173 6
137 185 299 289 282 89 50 181 77 137 146 51 221 59 216 244 235 198 66 177
114 73 124 67 5 99 113 203 229 217 284 279 53 275 130 223 46 54 108 296
132 23 12 164 253 71 70 159 80 155 173 99 53 124 292 70 237 156 48 174
268 13 13 61 69 259 15 209 53 238 24 267 124 102 288 269 9 165 254 165
31 84 219 113 246 143 138 108 144 207 140 74 252 111 239 219 121 126 45 104
171 226 174 212 45 218 156 283 54 245 259 31 230 179 162 26 50 105 9 9
218 257 86 37 31 6 228 105 10 272 120 261 42 227 243 187 287 200 90 152
214 251 201 33 205 95 98 207 16 23 258 141 181 34 282 131 214 60 195 299
249 68 119 147 153 226 143 91 296 279 160 252 164 251 118 239 150 130 259 97
88 104 246 73 209 189 121 9 39 95 66 6 139 296 238 105 91 242 165 79
183 92 201 78 255 147 227 251 52 53 295 234 254 236 183 184 79 98 154 126
104 235 90 215 278 90 110 283 19 234 16 31 166 36 54 49 85 19 182 191
62 297 6 291 10 258 113 36 44 229 284 240 209 45 127 275 44 89 46 93
132 185 91 170 104 135 176 190 150 79 217 137 86 294 179 266 95 254 95 128
161 84 224 123 122 235 26 37 3 196 175 103 188 79 78 237 151 235 286 193
259 249 258 147 34 173 175 86 41 63 250 31 120 44 212 239 79 95 261 24
93 84 6 297 159 27 290 258 283 217 194 107 258 126 285 193 148 178 90 160
153 235 208 221 281 68 79 196 285 35 196 64 129 83 274 148 297 209 209 71
82 162 83 31 168 246 264 196 266 194 201 203 240 179 156 166 206 201 133 245
216 253 299 177 278 196 103 51 257 141 101 253 240 233 278 197 100 243 54 48
116 6 49 51 167 176 242 175 68 247 148 290 196 277 268 219 167 104 261 251
30 50 286 150 284 5 131 262 184 244 48 46 58 6 51 170 96 54 266 103
145 279 48 159 248 210 237 271 198 242 204 236 123 281 159 82 34 241 137 78
258 156 117 255 291 46 129 36 251 202 264 22 141 28 117 69 296 229 224 22
35 289 91 109 197 268 91 101 27 100 260 289 68 152 107 117 201 105 237 61
48 232 150 296 14 160 207 203 32 241 202 31 45 198 190 206 215 41 55 171
250 289 207 32 12 285 31 111 7 115 43 232 258 111 266 188 187 186 81 236
145 72 236 149 280 229 61 104 133 251 7 246 11 112 290 65 140 247 272 113
95 62 48 27 75 246 133 11 119 69 149 128 189 217 135 129 62 176 132 132
50 177 112 90 285 261 35 299 23 48 198 91 20 133 137 178 184 71 230 125
33 242 141 76 156 141 154 282 74 106 114 263 220 40 143 112 250 12 116 82
201 84 195 17 136 157 35 162 210 9 203 103 75 11 197 109 169 49 148 36
275 145 102 146 10 38 187 111 290 219 54 118 164 4 298 157 160 4 253 193
34 160 212 176 246 133 232 80 254 222 166 228 194 280 214 278 77 217 280 259
142 43 16 172 57 163 224 2 292 61 265 115 6 129 2 196 170 22 192 4
121 108 72 277 239 126 41 114 134 213 181 139 64 272 167 143 117 163 29 12
111 136 73 140 297 248 235 190 50 202 122 209 58 81 292 23 127 50 4 230
187 275 75 241 285 284 141 170 229 77 119 8 241 205 186 42 102 127 272 79
280 248 70 157 281 65 76 116 208 158 285 118 167 3 15 192 238 289 101 199
236 246 112 211 45 32 217 98 240 9 283 107 151 200 78 134 75 13 116 14
81 155 144 246 119 97 76 218 52 279 256 173 141 92 272 230 292 3 272 281
40 249 91 132 241 184 25 125 137 232 66 108 31 229 287 141 200 128 37 277
145 103 113 243 91 88 16 109 35 226 81 262 239 228 220 13 202 138 195 163
16 177 216 161 234 8 244 98 156 197 188 288 206 55 296 122 79 252 236 141
165 160 262 204 206 78 45 193 10 148 2 119 290 56 145 284 266 27 142 92
255 130 230 55 62 297 290 93 170 279 294 246 9 196 46 135 4 164 96 147
283 66 255 94 123 48 51 264 22 278 17 256 240 288 272 64 244 218 219 170
276 204 148 85 212 280 154 79 62 271 260 59 31 172 36 122 47 290 262 174
136 145 208 101 141 196 231 220 150 262 209 259 196 63 262 126 196 50 5 275
208 26 224 77 287 224 140 58 50 145 148 202 214 246 166 209 184 254 299 262
282 165 264 234 225 279 58 30 133 268 260 243 230 24 28 98 80 118 86 212
293 104 141 194 204 37 96 81 90 43 76 118 41 291 191 215 254 210 264 8
43 215 190 61 227 180 56 72 225 164 37 95 236 119 286 132 182 284 34 253
276 128 58 150 64 63 119 177 179 221 234 129 43 174 61 238 278 114 248 113
150 120 147 129 94 41 63 154 29 58 50 289 17 111 206 33 45 201 96 195
200 296 217 7 276 61 87 275 87 59 246 118 124 199 127 260 228 246 113 120
105 258 227 234 164 77 97 116 228 28 241 28 78 86 181 298 187 186 246 16
149 8 174 120 218 230 42 240 197 90 224 97 62 268 253 249 143 74 265 228
33 22 151 106 191 102 1 204 162 279 37 202 229 218 3 165 31 141 70 13
92 235 111 57 228 135 46 195 120 172 113 48 204 269 17 213 259 99 1 137
63 259 69 20 210 290 64 83 147 39 248 85 254 220 117 248 274 259 42 147
143 6 67 279 1 44 26 193 91 288 216 256 183 220 168 213 270 66 4 70
107 191 192 194 6 251 23 110 262 108 136 258 128 216 259 256 273 281 162 158
206 257 148 4 272 37 292 160 37 299 19 185 153 80 15 39 126 51 50 217
168 5 21 201 24 152 294 298 251 81 255 135 241 163 15 22 23 163 145 169
143 173 287 122 271 103 99 54 125 228 21 163 249 59 75 212 61 207 55 63
127 225 60 298 165 52 280 94 67 242 14 46 130 219 114 51 33 123 61 137
214 24 159 265 246 22 113 55 299 41 180 89 66 105 164 18 134 101 265 193
213 76 36 99 214 123 47 92 220 170 179 263 110 71 231 285 79 266 237 180
139 240 119 15 58 11 183 232 115 151 275 61 9 181 130 148 47 270 240 23
7 135 292 82 172 198 197 94 91 204 146 193 126 51 264 256 271 66 175 171
189 217 257 127 126 54 162 288 58 245 128 35 34 143 14 298 12 186 230 209
10 110 229 268 133 22 253 137 290 165 245 147 134 113 149 215 214 258 91 71
202 283 73 271 294 251 244 16 137 223 134 206 89 176 93 158 246 210 152 254
234 246 152 152 103 74 147 35 183 198 297 291 52 47 72 21 169 213 218 36
130 215 294 241 181 59 127 140 277 193 61 267 198 96 128 134 107 159 26 13
52 200 223 250 160 240 292 123 97 195 269 57 129 223 128 45 261 16 131 284
32 187 3 19 67 110 58 105 133 159 219 35 80 66 208 49 58 185 151 187
255 205 262 27 263 76 234 96 151 134 30 249 150 16 297 59 48 5 37 144
272 46 210 225 78 187 174 104 228 244 3 98 67 143 144 72 105 229 221 265
201 110 242 275 121 82 91 264 190 252 224 124 172 266 176 195 58 241 229 149
158 30 198 200 141 15 32 261 81 181 192 190 169 79 121 227 267 205 87 224
266 111 97 60 35 141 2 281 56 195 116 76 126 255 24 209 198 247 55 38
270 127 239 256 232 206 161 132 108 289 204 284 110 171 229 254 291 74 2 112
76 4 240 283 62 152 274 91 255 255 128 76 69 289 152 146 288 13 111 11
284 34 65 146 130 53 260 234 134 36 87 290 77 292 114 102 198 4 136 138
235 225 70 148 111 16 225 242 251 164 84 220 137 37 75 202 196 230 42 135
40 298 186 161 53 194 200 281 155 68 66 260 299 146 279 295 179 262 147 110
108 32 66 149 7 125 228 219 244 103 296 25 34 88 113 135 47 242 106 274
188 128 152 293 139 116 3 270 3 24 258 287 142 230 229 257 280 68 195 53
268 261 20 12 160 94 181 57 18 281 182 250 228 22 245 219 47 137 176 210
221 237 49 245 23 239 48 88 281 82 118 210 191 217 225 55 244 10 205 247
148 241 99 159 55 147 100 162 220 255 228 186 66 2 264 69 105 112 61 152
151 298 49 193 226 32 169 183 22 131 202 176 55 8 88 30 255 157 247 209
113 98 215 242 236 182 235 71 273 111 70 289 186 10 136 145 84 38 37 60
128 270 36 266 231 295 26 38 51 147 213 131 242 2 16 218 259 244 85 253
208 4 281 117 167 277 134 285 270 299 21 140 108 296 138 68 122 267 110 101
48 107 149 67 63 267 289 287 240 222 195 51 51 20 88 67 7 279 70 121
295 206 220 135 63 95 48 219 249 122 232 3 229 284 288 82 74 165 66 9
234 6 226 94 22 92 194 121 166 116 130 277 29 117 133 291 216 14 256 140
241 21 159 212 56 161 32 234 117 36 116 89 65 205 54 48 49 81 229 237
102 246 297 23 286 94 250 140 45 252 265 70 39 100 213 261 114 68 29 230
20 157 27 238 73 99 239 46 194 118 232 270 259 198 245 193 191 139 162 74
2 270 220 2 175 134 242 124 275 64 298 33 247 235 12 243 61 176 44 27
60 37 86 41 131 214 165 121 235 232 86 163 39 34 136 134 178 263 134 23
271 259 107 140 273 121 15 176 103 69 296 18 143 63 150 64 61 175 10 13
102 25 269 267 273 187 68 205 109 234 16 149 18 113 114 209 268 6 24 136
173 78 190 195 283 292 122 116 211 148 105 178 282 46 224 34 222 118 93 57
159 151 79 197 88 236 280 246 18 102 275 50 184 12 88 198 157 176 243 56
215 87 245 161 141 287 234 112 254 288 120 242 176 269 23 132 167 30 220 280
154 184 26 5 112 239 76 210 256 218 237 145 115 226 38 277 20 160 130 23
91 222 116 115 286 208 42 152 56 251 154 82 102 215 267 282 118 139 299 160
3 112 39 161 61 294 283 46 72 242 140 139 217 86 10 145 197 254 247 258
280 130 208 12 70 111 251 248 102 262 245 47 294 292 58 241 234 75 146 278
202 146 109 28 145 82 230 287 194 149 28 9 149 75 66 208 295 182 132 84
226 134 127 242 138 135 42 111 223 35 181 294 50 16 35 141 100 8 219 94
117 176 99 299 257 260 247 38 79 113 179 88 247 289 227 21 211 171 4 128
241 178 162 133 26 64 96 168 189 81 167 204 46 96 11 189 218 99 191 41
222 203 268 17 164 238 222 159 169 173 12 197 241 288 289 68 95 98 205 246
294 105 187 232 241 60 229 150 157 37 207 45 52 139 41 4 124 12 42 7
69 168 26 239 95 198 189 153 134 190 23 201 70 58 49 12 33 175 263 30
251 22 257 247 22 154 15 277 10 280 30 277 107 169 230 218 94 146 42 76
228 175 245 200 121 2 121 159 213 128 149 175 231 125 249 83 239 95 38 163
209 217 1 144 113 259 286 217 211 92 64 180 132 270 268 148 162 173 92 39
25 285 224 265 297 47 276 296 60 58 24 171 197 219 251 252 264 283 165 47
250 154 169 169 155 278 60 56 292 269 83 34 240 243 39 200 135 267 30 137
122 177 11 18 93 297 223 234 84 131 299 76 99 273 139 34 2 191 89 187
172 128 13 93 128 53 81 277 258 136 62 229 93 149 126 128 130 53 99 229
105 220 85 262 195 85 28 177 102 249 123 154 67 130 298 289 250 110 127 40
78 287 32 189 229 133 273 101 81 68 28 168 33 70 150 296 112 180 113 33
220 4 123 118 175 202 124 273 209 24 262 96 201 276 116 82 275 56 275 55
8 143 130 293 281 34 159 107 74 84 43 269 245 257 181 111 9 116 207 252
192 59 266 203 122 184 223 184 228 190 89 256 122 213 39 133 201 255 51 174
279 77 276 273 190 186 251 235 276 189 213 148 135 85 80 91 73 269 203 273
13 77 208 224 214 205 231 135 259 110 28 251 86 196 47 193 224 55 258 204
90 60 13 225 139 77 34 195 100 166 207 144 21 106 18 91 53 270 109 139
149 3 267 208 104 43 212 145 127 83 124 40 77 195 217 44 240 98 69 244
3 153 29 110 140 207 233 290 206 164 176 204 96 7 178 69 173 56 178 37
56 61 248 97 97 176 185 51 170 120 276 128 65 155 194 224 162 222 79 167
195 138 43 11 289 68 86 41 74 66 275 33 206 55 135 142 116 168 281 43
257 273 274 182 34 242 145 163 24 8 4 69 102 284 22 158 102 143 9 151
263 93 53 53 107 68 181 83 93 95 267 187 205 206 56 162 16 90 277 22
234 53 4 49 86 293 237 33 42 236 286 159 284 242 7 185 258 170 174 242
190 269 116 42 103 136 278 66 266 181 156 286 90 61 169 143 263 122 120 47
162 43 220 45 271 66 273 298 87 5 152 250 154 298 120 44 82 17 191 205
234 132 156 142 12 204 163 236 154 100 273 281 183 263 50 91 235 146 143 27
136 21 224 29 204 230 40 263 251 253 289 56 151 197 100 39 85 293 172 81
156 143 266 23 9 83 232 110 243 174 114 120 12 235 262 76 125 262 182 125
89 136 287 122 172 29 222 20 75 90 291 204 13 119 234 117 71 92 144 83
277 84 288 148 158 134 261 125 212 113 18 245 18 240 168 28 187 239 209 295
163 102 169 129 123 66 178 17 279 135 255 53 158 225 260 231 232 225 91 85
165 49 216 259 79 200 35 228 197 252 192 42 207 273 77 94 106 15 148 153
167 53 65 210 265 145 144 92 191 223 12 86 203 99 192 205 252 204 63 129
198 42 207 13 257 123 41 101 182 134 35 260 204 154 70 99 288 208 187 218
212 293 29 247 145 84 66 220 241 298 55 174 81 115 26 287 154 152 17 263
94 242 9 203 207 161 46 290 198 204 222 142 272 158 118 282 123 76 182 264
116 87 113 271 298 177 21 267 16 150 196 249 229 165 95 82 59 135 248 100
201 129 13 157 135 151 270 239 255 282 235 149 176 282 120 105 153 136 255 162
46 92 36 102 266 53 215 60 183 234 261 195 60 18 266 132 188 267 138 21
170 230 214 82 143 27 12 37 197 248 130 281 209 192 199 99 222 168 190 241
135 280 120 116 29 165 195 173 249 184 186 64 85 250 271 297 47 150 153 250
152 48 180 105 121 285 41 171 191 145 186 102 165 31 184 142 223 118 91 133
10 11 252 4 144 10 116 39 133 179 111 288 211 174 238 293 209 159 294 148
247 97 103 41 6 162 128 13 123 23 220 277 82 46 24 42 134 63 111 217
55 113 232 239 74 33 254 210 46 82 30 106 162 161 255 196 245 146 22 152
280 222 13 273 96 71 296 96 127 235 86 294 226 171 94 16 239 71 66 10
10 221 299 193 284 212 44 38 286 1 36 14 33 74 208 115 267 83 292 24
274 257 95 60 14 166 174 122 21 95 180 77 179 178 122 241 56 35 270 76
158 166 17 63 53 193 292 58 87 187 188 134 247 75 209 189 183 212 279 151
135 107 140 241 24 193 103 170 279 264 245 243 128 80 238 202 150 31 36 166
244 282 81 2 194 56 274 176 188 127 22 237 135 284 27 198 19 282 226 76
57 164 183 38 139 211 116 56 183 244 234 122 220 178 54 297 269 107 221 162
69 26 257 266 6 13 49 94 62 249 249 23 164 204 288 297 162 221 87 174
260 93 199 295 295 139 167 216 188 238 94 258 281 88 101 11 227 97 268 50
8 234 193 203 245 270 249 120 192 263 181 130 112 298 168 163 222 235 77 235
51 102 172 156 10 238 186 64 105 189 220 49 225 237 267 81 238 126 57 84
53 71 38 145 235 222 153 160 167 173 157 10 240 79 264 10 52 79 57 22
83 66 20 202 270 175 253 90 280 209 146 135 92 209 220 62 143 56 221 101
249 143 155 169 259 232 79 255 298 66 238 39 254 125 234 19 186 128 154 2
295 35 145 281 283 187 152 283 130 186 138 49 141 21 140 128 81 269 279 296
256 10 123 270 120 58 57 273 58 110 215 273 53 217 169 1 100 172 143 160
289 112 146 299 213 36 28 97 121 14 171 4 232 145 101 50 33 241 227 190
230 270 143 46 130 295 3 81 262 208 90 40 151 125 5 290 215 298 230 106
132 176 147 32 232 26 2 5 127 29 70 160 223 269 77 205 245 243 203 181
131 138 9 12 201 106 16 282 26 127 63 138 27 188 191 295 256 263 152 249
267 8 105 52 126 132 159 192 247 286 246 175 214 253 43 134 273 99 153 154
215 101 252 86 107 253 111 184 55 26 279 40 77 199 240 170 115 2 54 123
107 124 198 217 219 19 243 11 124 237 67 286 69 282 98 245 56 79 284 30
182 209 226 212 97 105 232 266 85 102 266 65 207 216 204 214 45 133 34 229
9 148 195 32 106 32 146 219 173 271 169 44 90 255 113 84 168 213 206 283
277 154 114 202 242 89 181 104 266 154 207 284 247 199 201 256 145 245 120 59
208 11 1 83 179 291 72 78 256 190 142 275 284 168 39 190 52 167 260 259
251 189 108 181 25 42 219 292 237 160 11 283 277 293 210 65 148 154 115 49
119 199 281 295 191 48 202 6 127 188 108 85 39 231 111 120 72 183 224 12
236 185 52 189 171 57 219 136 234 84 54 179 179 89 121 6 48 128 193 18
57 69 22 171 210 229 236 293 223 245 169 170 242 14 45 157 196 276 132 221
185 191 243 107 152 108 206 223 96 190 106 60 102 91 293 281 292 152 29 112
223 116 195 90 270 297 260 39 253 278 59 146 168 222 256 174 75 148 296 31
239 266 65 93 244 133 2 107 80 88 213 238 109 219 251 65 178 151 107 23
96 191 43 219 236 111 271 35 84 287 243 86 59 49 176 274 131 49 50 213
77 45 243 234 53 158 205 187 15 164 207 292 8 297 202 282 40 158 23 11
212 252 242 253 97 79 161 201 217 116 52 159 96 124 227 172 182 72 198 153
87 51 254 88 24 155 188 50 243 210 175 148 189 226 256 267 74 199 220 159
189 232 139 82 35 277 188 1 177 163 5 79 235 43 187 241 29 240 197 283
13 214 148 75 216 199 65 194 35 70 125 262 3 220 2 286 26 63 164 45
130 251 291 266 2 88 4 212 57 127 250 142 208 194 46 134 258 23 154 249
206 115 153 205 16 240 231 144 272 127 266 297 61 12 47 84 135 272 283 10
183 234 252 27 79 212 108 164 216 92 69 244 107 85 257 1 89 223 1 248
248 212 61 130 46 8 62 57 23 196 104 24 133 231 138 156 99 79 29 285
152 24 122 14 88 50 164 258 101 51 161 142 52 157 125 94 42 232 232 33
272 233 95 53 166 130 8 233 166 97 185 13 161 149 147 131 136 146 117 185
271 109 38 271 46 132 140 164 297 93 6 248 49 197 139 136 56 15 74 290
157 288 221 19 253 156 286 241 81 294 172 156 106 126 199 212 89 21 64 90
152 277 214 52 155 47 197 87 287 69 124 238 62 239 18 290 195 208 18 182
191 124 23 209 96 264 277 221 164 164 55 189 5 63 27 200 81 209 244 137
58 116 63 55 9 41 42 199 110 115 299 297 184 31 22 272 1 256 244 250
138 286 119 279 67 256 13 274 47 295 257 192 227 190 148 103 148 47 240 177
253 293 109 206 271 252 168 298 16 120 212 209 243 90 86 9 186 142 177 211
175 220 62 292 188 118 35 157 119 286 154 102 24 290 183 167 244 70 227 237
16 293 36 29 44 81 108 34 274 228 74 39 153 298 225 183 235 189 187 223
200 75 252 17 269 298 158 237 83 187 286 120 129 14 251 247 251 202 184 166
127 179 161 181 191 181 131 30 133 148 157 292 24 35 209 282 54 50 162 111
248 299 65 134 177 172 152 298 210 29 253 98 143 218 223 96 215 176 126 181
224 281 208 28 21 223 210 53 33 92 192 168 292 3 118 26 152 64 251 58
81 27 150 248 46 43 187 43 148 154 294 17 154 143 217 261 285 59 115 2
99 276 41 108 240 34 170 86 87 198 56 229 231 65 143 126 96 18 5 187
18 195 103 84 177 235 250 276 91 170 131 26 290 171 83 222 168 220 278 230
44 15 114 115 259 189 49 107 11 257 74 25 197 103 274 216 97 8 98 206
174 104 266 18 278 261 252 56 93 158 68 42 45 277 266 174 280 54 210 253
259 155 17 25 210 224 234 232 273 221 177 77 182 260 40 193 270 106 175 268
288 45 111 167 105 47 155 251 173 187 86 156 270 27 178 104 218 252 295 137
86 184 103 69 98 26 46 208 166 245 252 27 185 72 213 155 264 299 130 142
126 254 9 210 141 271 284 111 86 42 71 4 129 74 276 14 90 42 298 19
292 13 142 49 253 142 85 134 277 79 155 25 230 254 296 69 132 39 15 99
173 166 100 101 234 103 50 99 180 176 232 46 132 11 262 265 30 100 262 277
31 232 135 246 266 96 57 36 192 35 94 230 290 162 16 277 9 158 203 107
251 54 225 103 79 212 202 132 143 178 125 55 152 6 283 226 20 244 56 277
187 286 287 1 270 119 30 19 185 220 79 221 199 208 6 157 290 190 280 144
284 274 32 237 210 177 279 41 256 164 205 124 62 64 134 53 89 166 159 157
150 61 92 5 39 72 225 241 269 288 216 134 229 13 244 85 62 133 173 82
236 179 22 69 91 219 115 64 192 249 298 66 133 48 155 169 105 115 59 265
261 162 219 109 107 39 179 180 178 236 262 256 142 109 82 160 221 273 162 269
71 6 125 91 119 267 76 73 258 62 283 240 158 115 181 268 87 283 85 128
240 87 206 116 21 250 83 201 182 1 173 210 82 254 234 101 120 77 127 109
12 218 200 124 15 197 201 126 240 81 284 246 123 125 227 48 81 268 167 251
176 136 132 266 234 66 205 270 254 84 42 113 153 28 64 52 274 8 251 32
231 81 299 13 46 146 96 172 131 209 200 126 25 268 234 201 52 264 87 230
56 229 19 172 119 25 81 141 133 282 111 121 81 71 266 266 270 84 47 194
80 193 94 199 99 142 280 246 195 280 252 228 188 292 45 52 226 288 285 271
89 209 89 250 209 203 287 212 156 165 247 261 108 146 72 271 193 202 295 114
67 183 175 4 60 179 157 156 204 75 28 8 13 170 19 206 93 283 45 116
269 156 108 47 288 36 205 72 5 261 277 246 85 153 112 138 78 106 68 119
185 89 92 151 44 41 12 200 97 48 146 113 265 205 102 17 280 85 160 191
117 228 97 10 54 91 296 291 58 260 62 102 104 270 208 227 82 70 27 154
46 4 33 103 57 255 59 216 112 261 95 31 63 120 240 251 39 289 58 293
155 267 23 36 260 245 146 246 134 272 104 196 86 18 54 190 294 195 3 155
173 167 187 111 166 103 211 111 298 73 206 135 80 139 298 151 65 278 260 27
268 106 159 127 69 143 93 72 95 62 213 233 48 277 283 109 270 107 102 51
220 222 38 262 119 276 139 180 280 75 125 196 294 135 149 114 86 171 16 45
213 294 198 20 42 213 158 277 260 80 289 243 100 47 78 39 48 195 139 16
268 123 179 177 37 167 77 114 150 183 191 153 19 289 47 234 257 246 165 272
184 128 171 270 51 261 11 119 24 112 243 25 200 191 283 36 284 289 190 170
288 83 66 186 180 274 295 180 40 61 99 277 144 71 176 124 7 176 60 99
88 119 189 41 95 213 183 5 257 17 294 24 152 124 63 100 170 236 281 174
275 189 4 117 81 77 286 44 281 72 282 70 289 4 65 133 190 5 232 148
297 110 288 7 240 31 102 161 285 109 34 215 45 218 18 93 143 286 2 161
48 286 294 200 262 138 16 228 174 125 270 269 24 222 147 219 100 287 162 28
70 115 159 136 186 77 91 278 233 92 22 49 282 19 120 295 55 99 210 171
204 114 80 171 217 89 270 139 209 142 31 226 109 9 291 7 188 11 280 121
59 163 3 289 237 22 201 127 86 63 151 54 174 68 108 219 163 212 240 39
117 60 213 257 213 257 114 88 143 132 14 230 267 230 250 173 157 239 216 150
190 84 286 151 77 271 114 158 101 294 68 274 221 205 177 210 284 60 142 17
281 157 292 158 119 110 167 16 234 162 80 197 191 4 276 14 13 232 256 182
232 1 55 156 186 218 4 91 199 148 158 109 74 197 79 231 72 277 273 160
113 186 218 132 243 270 21 220 246 201 189 171 165 101 6 261 220 283 83 295
171 188 138 36 251 133 146 293 57 5 63 69 54 282 294 294 143 153 22 22
212 218 218 132 227 63 85 24 105 219 62 255 231 101 232 2 44 53 4 175
296 112 165 180 256 153 145 16 9 255 180 168 134 117 28 99 229 87 164 219
201 129 160 53 276 216 75 140 61 128 161 244 90 140 9 73 290 213 233 240
161 190 200 125 224 284 117 30 219 148 130 74 250 186 179 39 189 181 121 193
210 27 155 180 112 62 114 82 170 258 223 54 202 188 185 178 235 90 258 262
210 279 162 233 182 209 147 93 18 43 123 299 165 111 125 48 206 13 118 73
31 268 143 187 261 14 88 267 174 252 80 92 56 287 148 287 233 92 28 74
280 117 214 184 182 62 57 77 22 177 227 169 217 94 256 123 207 170 253 287
99 33 196 246 177 297 227 94 246 58 86 216 104 24 189 279 244 162 203 74
102 125 122 53 1 122 185 162 1 58 15 228 194 23 202 183 194 192 291 7
101 267 50 289 185 182 131 272 135 76 63 137 61 33 271 47 283 148 99 201
179 52 14 62 21 20 164 78 43 260 264 282 96 206 104 15 270 125 183 145
298 128 73 68 94 67 209 235 242 112 282 172 286 10 183 87 225 217 92 213
137 35 248 239 226 41 29 96 162 12 269 203 131 104 293 229 209 229 199 132
183 41 173 270 244 145 40 26 139 9 59 218 76 138 168 102 135 107 58 227
190 269 216 167 21 296 2 235 21 122 241 130 154 116 157 16 243 119 130 62
37 151 201 168 2 35 28 54 65 155 19 23 29 101 218 104 120 11 120 105
197 55 157 131 176 158 289 36 268 106 182 160 133 172 200 290 287 13 171 48
123 201 13 175 287 241 34 149 183 61 83 62 253 46 1 32 73 240 101 225
163 31 106 3 171 131 31 167 282 113 233 40 223 193 33 160 183 164 98 82
61 158 199 203 288 215 15 271 188 181 39 66 264 39 20 28 148 4 294 245
298 150 94 279 167 168 183 25 147 9 239 146 292 296 189 47 121 113 63 193
109 147 217 148 266 118 131 209 104 258 125 198 121 240 62 236 138 224 131 200
51 116 259 11 154 68 263 138 76 3 3 147 283 32 185 241 122 98 55 181
239 23 257 57 144 286 290 113 42 185 288 117 290 14 169 100 198 143 114 159
187 287 205 156 226 256 290 193 41 184 124 262 69 273 99 191 176 274 89 162
150 4 254 104 119 192 109 90 65 101 59 213 246 96 240 175 20 50 86 191
282 9 93 243 140 188 253 266 46 278 134 146 74 5 288 51 47 75 152 185
17 4 136 220 255 164 99 271 18 278 191 268 226 11 292 166 116 67 142 253
36 106 120 173 267 37 19 24 164 124 124 79 225 186 160 25 156 266 163 52
211 100 158 51 29 243 100 282 254 43 78 52 123 281 58 174 298 39 237 72
295 23 228 173 6 161 17 220 277 193 288 108 75 290 232 128 129 99 149 80
139 193 212 103 20 284 83 245 227 32 242 68 79 175 252 49 31 67 72 40
5 30 106 168 60 246 252 294 69 167 30 34 193 92 288 233 228 196 231 8
182 107 212 128 32 20 190 228 21 283 25 42 130 68 102 256 159 37 276 128
1 138 283 168 40 258 154 237 108 19 296 11 45 269 121 30 44 87 20 48
143 127 296 56 7 231 228 130 124 222 204 134 257 206 87 114 180 27 217 128
199 210 8 183 293 26 110 289 17 126 172 218 215 169 10 179 18 86 145 88
126 37 147 157 40 213 25 293 8 154 112 88 119 257 52 4 64 86 249 209
164 106 188 244 21 175 121 142 155 89 53 186 225 141 60 22 250 44 166 47
261 212 2 98 149 292 55 200 169 172 200 103 232 229 50 197 147 156 289 180
172 101 284 229 60 78 99 171 94 59 244 198 88 205 245 232 163 223 133 84
91 95 145 254 165 102 209 199 178 194 250 129 143 295 193 102 268 122 260 168
77 121 291 219 198 131 179 234 41 261 205 176 254 199 87 228 111 239 37 145
133 176 200 132 129 50 3 265 19 18 255 7 283 165 156 206 197 141 27 188
144 195 239 85 118 242 109 16 197 72 129 69 136 21 72 279 201 181 169 71
32 44 165 73 232 103 111 123 6 39 119 101 159 53 282 227 228 106 194 51
39 203 263 52 74 203 135 195 289 293 80 90 19 34 60 128 175 1 78 10
132 52 253 125 113 52 147 278 254 203 213 93 34 38 150 122 34 146 295 282
128 173 140 40 181 26 271 33 103 53 112 75 62 209 245 98 176 124 197 206
45 224 157 11 168 16 163 230 215 97 85 172 33 197 67 67 225 120 212 226
106 212 165 95 205 191 239 248 131 122 269 189 225 217 72 218 73 274 233 264
235 192 75 7 282 225 191 31 248 269 33 65 57 93 203 120 24 6 232 197
46 142 259 147 55 135 87 230 270 215 49 30 238 58 146 222 18 211 116 282
208 2 211 96 39 250 127 207 213 215 161 103 218 115 230 245 8 90 60 29
289 18 181 27 32 155 25 217 173 21 182 173 231 197 251 92 73 14 275 27
198 292 19 215 214 75 134 62 116 235 65 65 12 230 121 255 3 117 119 167
233 115 160 109 131 80 175 180 229 116 171 135 36 61 112 287 46 258 158 131
65 46 138 54 48 8 228 59 91 249 120 238 64 185 184 84 6 204 9 103
130 76 120 114 72 238 140 166 53 277 122 191 170 232 113 231 88 121 128 115
207 263 36 289 184 150 160 233 22 66 43 162 239 165 234 215 206 168 190 267
253 47 15 271 88 174 45 177 47 88 60 299 56 269 35 174 149 70 189 169
176 139 96 149 220 126 3 82 92 116 43 153 279 270 149 32 150 219 38 98
16 71 295 298 97 19 74 239 199 138 115 202 142 116 95 25 44 112 53 238
4 195 13 207 224 197 33 137 245 136 68 69 76 24 55 197 48 191 93 226
27 77 132 264 205 122 268 237 180 230 218 273 86 271 57 81 98 213 175 94
24 81 210 159 289 74 123 116 128 274 35 114 119 108 57 145 297 71 207 193
205 251 150 42 47 13 127 55 83 266 282 206 54 259 64 253 58 139 7 94
14 48 34 189 91 177 180 68 121 179 278 106 213 289 194 28 283 212 184 196
211 220 142 146 99 146 243 22 81 197 130 7 257 234 206 93 267 234 187 294
163 3 18 4 26 6 227 207 253 16 101 271 135 294 76 202 119 233 40 167
151 231 108 41 158 248 194 83 146 81 294 208 178 195 121 186 108 161 66 187
168 29 265 133 215 242 106 99 194 149 180 241 50 281 103 214 178 28 273 125
100 281 131 145 52 111 277 115 249 79 60 196 287 132 79 179 173 6 185 272
180 260 282 25 40 189 177 145 33 277 248 241 226 160 255 80 34 281 18 42
90 29 14 188 102 224 217 193 55 256 207 67 280 122 239 134 64 279 86 47
201 294 176 3 230 38 94 250 179 190 52 36 109 221 271 38 43 127 144 216
5 167 44 259 126 193 39 217 202 50 134 215 58 100 39 10 191 157 231 156
132 37 208 18 78 44 217 244 104 119 145 252 249 264 99 239 8 153 269 153
57 150 18 142 53 23 134 16 275 189 82 53 4 96 275 126 98 180 251 79
144 221 201 195 63 281 275 71 288 149 209 154 162 215 138 76 291 149 189 77
222 61 136 93 154 261 234 219 147 119 267 157 104 189 88 261 282 154 258 150
232 80 181 282 269 51 81 68 90 107 19 71 85 163 170 65 275 283 165 13
8 159 86 279 96 185 275 280 268 252 165 89 113 148 240 229 27 286 177 123
148 206 102 152 92 230 222 157 258 133 155 174 176 38 287 248 130 65 195 22
145 6 71 190 78 125 296 236 65 16 135 279 74 290 60 271 259 150 119 169
146 63 161 184 164 289 3 186 166 264 15 40 112 235 281 153 219 268 206 4
40 215 93 238 228 93 155 200 49 20 283 100 228 191 172 284 257 98 237 101
84 283 106 153 71 258 49 259 282 96 268 274 152 136 23 296 81 76 49 100
25 245 66 194 22 171 178 190 258 122 200 263 262 20 261 165 173 265 211 135
74 242 39 255 264 172 274 245 189 28 152 145 94 218 292 45 164 24 184 270
106 180 170 69 158 270 142 182 205 238 52 270 148 247 69 168 56 81 126 181
23 148 259 56 123 90 43 109 140 61 186 181 77 191 295 131 178 104 87 297
283 74 70 296 100 229 296 94 26 234 155 119 95 53 276 284 260 236 25 18
255 160 203 246 253 244 187 76 100 41 10 222 69 161 289 161 76 279 200 29
291 173 248 196 21 80 190 97 128 190 261 206 298 170 217 202 41 180 234 268
40 63 282 113 55 83 165 61 108 56 87 183 85 129 109 145 84 296 273 67
287 27 253 22 204 283 37 130 296 232 71 243 212 39 128 261 236 154 203 10
17 42 43 55 242 193 50 21 256 31 96 72 14 196 99 204 287 116 4 76
105 143 70 256 107 124 215 147 125 296 150 135 37 26 92 116 132 208 267 35
66 76 17 60 166 267 39 126 9 165 169 150 71 201 233 121 193 224 172 86
184 228 71 10 1 240 281 70 262 9 172 239 232 193 5 56 128 177 2 98
277 224 42 124 56 198 7 22 199 155 184 250 299 247 139 242 103 192 40 142
124 96 213 16 238 187 262 291 118 290 62 78 142 64 11 64 30 156 102 94
145 230 152 211 64 66 111 54 272 93 34 78 251 149 215 72 188 177 140 123
108 78 216 78 253 104 212 32 265 222 180 9 1 216 261 237 175 230 73 88
257 11 186 244 68 224 195 174 5 216 253 271 273 275 120 107 291 89 6 27
104 25 4 226 54 214 228 244 138 61 13 286 84 179 11 10 225 90 203 218
121 1 283 294 133 175 235 201 88 249 96 113 43 115 45 213 205 151 184 76
262 217 248 206 118 168 268 162 30 39 240 253 286 144 192 284 27 127 38 108
248 74 282 24 283 53 88 57 250 176 106 146 80 42 237 39 52 99 218 198
201 270 235 106 129 210 172 222 141 83 78 209 156 7 3 35 121 57 229 144
162 78 44 149 10 29 196 210 15 42 201 156 87 152 215 258 276 155 169 228
128 244 242 271 86 2 237 164 9 199 183 173 199 117 111 288 207 146 80 61
142 46 190 246 7 293 210 135 197 40 64 96 275 88 128 246 203 34 83 249
274 232 27 203 160 167 82 12 93 272 130 33 10 256 145 274 39 18 16 143
278 88 49 16 180 173 256 179 182 132 153 112 169 126 96 227 204 25 103 95
173 231 182 44 69 246 211 147 201 107 218 15 160 222 201 145 9 214 295 52
190 137 118 53 125 7 107 121 34 232 290 139 85 174 281 232 70 64 8 255
129 268 42 171 185 86 49 195 157 119 284 232 92 217 173 132 260 176 217 4
91 161 54 51 37 275 45 183 295 265 170 63 208 62 13 201 126 9 186 136
145 290 131 34 194 99 295 146 261 271 109 138 106 71 156 263 175 5 146 160
73 42 7 85 77 122 76 135 209 76 281 276 127 240 279 285 223 33 197 258
237 63 265 163 148 201 93 108 178 164 26 72 50 95 174 253 279 64 167 26
261 70 156 195 130 275 177 251 225 165 129 200 273 298 29 100 69 277 3 183
47 140 36 141 3 9 205 154 48 232 257 72 226 54 141 77 201 22 15 115
97 181 101 266 230 24 125 228 163 255 115 198 68 50 218 238 242 98 233 105
174 32 226 200 73 106 252 80 224 120 74 70 162 162 65 224 38 65 103 118
96 134 173 244 295 220 185 90 135 194 16 173 65 183 201 257 175 11 246 176
273 45 219 269 30 272 254 152 286 102 296 173 16 123 96 206 170 248 150 153
296 129 213 70 110 156 182 94 215 170 142 23 244 56 56 236 295 127 283 10
84 60 197 72 18 276 65 23 42 239 58 144 139 37 262 199 280 17 99 114
