73 278 106 193 54 64 222
97 69 128 220 37 299 266
119 168 136 204 264 275 236
243 127 201 107 114 240 74
176 247 84 117 16 26 249
251 70 269 232 185 268 46
3 61 172 269 122 145 118
116 179 124 239 277 205 217
143 50 115 8 54 286 90
101 5 120 68 159 68 210
251 132 75 109 84 163 79
36 17 122 67 273 173 126
81 175 177 188 80 164 218
224 172 8 121 7 103 95
67 284 30 270 10 201 238
206 202 199 129 230 20 249
86 210 103 137 149 276 246
159 165 111 188 276 109 154
204 135 68 232 182 269 95
66 15 229 215 35 53 69
247 223 247 184 141 148 20
181 137 165 173 49 171 248
199 25 69 163 186 214 244
142 199 175 82 231 222 55
83 6 260 229 158 33 278
110 74 101 58 237 162 28
161 291 44 17 218 192 15
189 180 167 225 280 178 86
89 286 78 242 254 35 117
30 150 203 67 57 179 214
197 88 36 47 243 124 184
292 234 174 41 280 206 87
40 95 273 251 117 189 71
157 37 102 195 5 218 175
32 206 126 116 6 62 271
105 251 93 88 184 36 285
73 182 188 117 185 99 113
168 285 113 196 147 123 197
217 3 108 7 288 172 192
260 45 105 141 249 161 33
214 123 98 57 156 33 170
187 32 84 48 229 290 125
51 83 224 285 284 178 90
285 252 87 291 16 237 198
102 264 88 217 38 147 244
162 57 13 39 208 32 179
219 82 273 178 296 176 282
153 66 89 14 235 192 94
218 224 153 22 84 166 27
186 61 221 60 217 227 105
109 287 261 227 196 254 49
191 160 90 47 62 109 208
259 66 212 100 152 1 36
173 133 9 279 207 204 132
190 141 81 76 37 130 85
133 161 206 174 280 109 98
7 220 127 247 121 35 138
175 175 191 56 215 299 137
21 115 117 293 188 123 232
248 13 236 230 168 7 124
254 240 150 133 286 244 236
117 122 159 221 198 151 128
226 3 228 256 269 19 47
165 81 183 58 35 293 204
183 165 263 255 107 128 265
196 171 232 167 79 175 223
232 237 231 200 235 238 238
187 153 240 131 82 232 1
116 75 5 109 17 99 97
293 82 35 241 122 272 154
4 22 123 268 193 235 218
101 278 127 196 60 16 143
244 216 170 142 233 183 171
197 127 88 172 252 64 27
254 197 207 137 113 95 118
221 203 127 217 257 140 142
235 285 298 108 234 156 73
10 85 80 64 256 41 6
112 36 294 144 284 64 225
160 265 230 283 48 72 109
201 213 276 183 136 285 40
87 88 285 267 220 196 172
36 270 45 103 36 140 292
51 46 253 193 67 135 22
7 293 293 299 108 44 74
267 34 96 142 248 85 1
158 176 206 43 115 193 221
47 246 90 16 126 256 179
289 265 5 241 153 113 127
200 128 237 278 23 241 263
143 253 86 296 248 88 188
210 145 39 142 131 30 137
260 295 265 200 81 229 174
275 231 232 65 294 288 227
2 224 9 197 82 242 14
284 28 246 23 180 226 259
52 213 84 149 253 7 248
248 16 172 128 237 119 146
230 168 234 216 138 131 261
262 19 266 110 148 202 65
129 181 105 171 30 16 48
171 148 158 277 281 199 236
240 55 93 147 167 73 16
297 51 131 103 270 162 161
272 223 29 71 214 107 89
223 136 125 263 290 3 271
235 277 232 24 60 282 287
256 273 153 113 36 190 281
231 142 211 169 271 14 41
123 21 4 282 297 261 239
1 294 56 29 135 115 228
71 99 46 9 29 167 182
9 22 161 71 171 245 290
137 133 268 121 202 73 143
45 87 41 277 14 12 108
123 87 66 78 51 264 30
51 287 86 256 76 196 119
108 123 192 31 102 193 52
68 207 125 77 290 239 145
175 189 82 5 78 99 107
224 34 164 95 102 220 223
299 35 192 199 287 219 147
197 81 205 79 61 231 81
278 14 125 70 48 222 129
246 202 207 216 38 243 90
207 286 77 64 291 104 38
4 95 207 115 135 131 55
59 216 54 184 220 138 100
165 7 199 64 56 284 290
242 131 105 233 202 112 44
50 93 160 215 139 231 226
124 123 126 262 258 156 255
157 221 118 247 109 187 88
230 46 72 150 266 143 117
255 231 261 144 118 137 34
183 32 169 281 105 84 35
241 144 100 208 45 152 182
278 46 18 128 164 161 221
92 35 82 9 5 215 93
195 285 99 33 268 45 111
27 9 185 137 280 134 222
292 206 92 192 223 120 5
236 6 41 27 194 151 199
28 255 163 180 138 111 131
228 136 169 237 166 168 174
270 120 259 264 144 242 93
183 32 43 153 128 89 7
59 42 183 181 271 47 233
150 196 128 94 65 46 27
173 159 291 45 240 197 84
141 114 296 272 32 246 81
42 58 50 206 193 278 228
48 296 260 88 100 108 129
41 73 250 104 2 71 106
272 298 36 203 282 175 58
148 283 188 276 200 137 121
29 200 271 170 137 126 80
175 232 181 264 108 218 236
268 2 86 80 25 266 75
101 22 8 294 44 181 170
119 282 121 6 94 4 141
152 195 169 74 265 120 49
139 14 201 208 97 118 284
259 50 146 217 75 129 98
48 287 286 282 219 135 148
283 186 277 38 182 32 48
159 153 50 185 137 99 184
119 13 255 207 152 93 297
130 43 296 14 246 230 197
54 9 242 73 166 130 148
276 298 268 15 299 213 63
47 169 113 233 73 232 81
90 284 208 8 71 221 87
76 249 177 83 254 9 235
31 140 43 84 275 206 164
78 263 254 143 223 105 101
88 169 35 192 83 254 205
90 253 29 73 258 264 22
45 247 53 214 99 275 178
33 255 255 5 135 33 79
196 218 192 54 133 115 233
34 262 26 55 278 248 252
38 97 19 42 185 65 289
96 90 196 88 270 272 282
227 106 157 218 2 228 94
176 241 256 84 52 204 58
229 40 259 20 190 7 194
248 274 239 230 161 75 43
56 161 258 188 252 146 78
31 166 101 183 124 124 164
278 99 230 116 190 234 295
150 269 32 21 185 217 16
45 135 2 55 60 77 129
2 13 264 100 39 36 59
80 37 257 182 138 8 91
104 246 297 102 172 90 294
258 205 17 215 268 248 43
245 175 264 281 122 198 70
53 138 258 232 209 170 192
236 237 108 134 235 150 83
94 271 185 149 168 195 28
107 150 183 151 117 67 26
167 112 122 239 10 134 154
233 47 278 37 295 151 49
78 204 272 131 112 278 36
19 59 217 252 197 152 272
144 186 116 101 167 256 179
79 198 52 288 298 210 27
73 29 75 49 263 225 103
156 45 50 259 205 258 222
238 225 98 112 279 230 237
287 293 261 85 9 146 272
32 13 146 185 273 131 41
284 204 15 103 248 299 105
202 2 228 214 257 97 185
126 139 231 114 159 9 178
109 241 90 219 63 37 185
141 42 279 152 295 225 22
299 174 5 20 248 146 184
112 77 33 5 43 181 81
117 206 117 256 230 33 173
153 78 219 260 105 22 259
208 185 39 223 193 82 106
156 162 103 184 12 114 256
197 173 287 67 174 165 105
142 112 249 289 56 63 32
174 226 142 26 106 92 191
263 260 268 4 3 168 103
293 243 161 173 296 237 21
27 21 54 64 21 2 129
106 171 42 150 48 195 244
90 154 15 101 17 117 197
127 75 29 60 268 273 289
227 171 1 139 119 224 93
175 138 225 235 49 215 23
253 82 107 220 83 273 50
114 145 76 153 169 158 33
137 46 261 92 66 221 265
266 51 282 205 268 132 243
59 263 215 227 19 247 71
29 82 10 149 231 119 142
166 276 87 177 109 78 238
242 222 212 181 182 229 213
157 34 253 262 207 147 114
82 177 198 227 235 215 140
136 171 94 37 273 17 52
204 169 288 269 104 45 263
92 243 252 136 244 91 199
103 212 5 35 297 113 54
48 177 223 58 145 192 86
206 124 232 292 198 194 278
136 193 293 32 126 173 286
56 181 281 116 102 11 58
41 70 31 8 216 117 156
192 292 205 102 230 211 135
192 176 46 44 268 221 9
135 143 256 233 132 185 106
87 23 36 117 66 212 206
15 200 5 291 72 224 53
14 224 157 284 244 34 45
36 295 283 58 224 49 256
183 215 163 193 249 40 170
2 225 148 121 140 145 68
206 256 58 193 271 269 8
256 19 250 101 266 38 117
84 113 97 210 54 228 12
237 176 145 19 45 140 132
249 46 149 201 135 299 76
222 133 119 116 190 57 130
160 173 164 192 230 10 50
212 112 297 267 35 279 69
114 97 185 230 180 15 58
14 45 55 108 8 165 236
51 239 233 59 295 22 6
199 191 289 22 114 239 52
27 141 206 117 78 107 298
289 165 157 126 223 233 21
14 212 244 287 235 60 49
179 253 170 47 33 49 81
86 128 204 123 135 56 227
224 68 13 249 4 265 215
5 77 14 293 282 176 252
69 184 20 101 103 44 240
257 64 194 66 138 40 144
140 127 287 116 139 157 95
123 173 94 112 81 112 44
172 216 258 114 230 258 288
116 144 278 104 78 4 23
157 219 45 237 67 198 207
45 249 270 80 98 278 137
162 277 103 268 36 95 254
179 120 105 147 24 154 294
257 124 135 251 43 199 45
158 170 69 158 90 257 250
223 57 171 270 1 270 30
150 228 229 49 29 19 11
36 105 268 205 83 109 215
273 65 58 58 68 31 234
185 166 55 8 233 283 146
252 125 298 14 101 107 251
169 251 288 293 289 255 42
221 164 162 108 225 236 83
244 252 28 250 251 151 180
247 85 235 89 231 104 171
269 88 65 198 235 38 9
106 124 269 153 11 284 37
88 145 245 201 9 285 136
19 182 200 52 229 8 237
191 47 214 143 257 237 245
75 121 210 246 168 256 203
121 119 196 131 240 29 290
284 23 121 70 123 176 135
220 167 245 95 135 274 97
87 278 277 253 107 254 262
19 62 95 212 226 256 283
210 206 150 151 160 103 8
245 43 181 149 298 230 135
50 45 207 251 47 127 170
62 262 199 179 242 146 89
269 149 102 172 286 98 174
108 61 286 57 80 51 155
10 277 159 257 49 215 158
149 128 80 10 44 137 282
81 102 31 10 147 166 255
26 130 161 160 165 67 106
234 69 91 175 28 65 95
45 56 32 253 225 64 132
54 64 76 82 58 155 95
152 16 217 213 250 175 207
176 227 245 297 35 14 189
173 118 86 182 243 132 157
119 127 179 173 255 235 205
61 191 244 18 106 4 187
185 95 135 258 106 279 187
278 240 283 149 9 170 138
209 177 112 138 115 72 138
87 203 27 204 228 172 158
37 16 226 264 284 182 87
11 299 281 292 100 51 115
210 204 208 113 167 79 68
213 288 6 203 123 79 172
222 143 241 146 56 116 206
83 157 117 91 29 136 132
283 122 180 248 148 278 293
56 150 104 290 127 124 144
165 268 128 243 179 294 7
83 171 221 14 35 55 138
58 200 64 132 13 228 1
237 96 224 252 298 186 189
109 110 255 76 74 290 90
55 5 229 245 298 281 112
269 230 298 57 226 12 137
78 193 67 243 123 126 283
267 167 65 9 256 231 51
232 283 216 109 77 124 74
16 43 276 171 166 91 109
58 154 157 138 40 179 86
255 115 294 220 71 176 209
51 298 1 79 125 204 289
188 223 97 129 132 55 292
119 39 242 26 147 262 16
227 58 139 152 46 8 274
41 199 270 261 221 231 114
248 41 109 281 201 85 270
139 67 32 170 174 110 140
105 31 166 236 147 87 111
275 124 120 281 295 284 219
65 23 114 297 104 222 284
60 135 105 297 92 96 230
44 256 223 287 139 234 76
235 192 115 93 203 47 202
127 184 281 112 155 141 285
121 122 162 52 198 47 282
110 142 183 206 23 59 157
20 194 97 207 27 247 259
265 212 298 12 85 273 100
286 242 172 232 267 6 176
129 40 264 290 143 45 242
213 8 13 151 233 15 236
138 267 135 31 275 117 46
45 142 64 276 113 33 212
195 218 239 113 211 296 87
49 81 289 284 7 128 151
150 181 45 107 34 160 11
210 15 14 130 277 43 59
10 60 108 99 127 59 30
219 51 182 291 274 122 265
200 17 200 277 13 192 165
210 224 170 151 40 223 160
13 16 212 213 54 39 126
92 136 7 89 79 191 121
182 218 147 212 152 227 113
2 177 116 65 163 39 296
30 124 49 289 75 159 183
17 44 50 156 31 270 95
29 51 184 77 250 241 129
282 23 175 147 11 83 183
89 159 264 111 133 157 140
195 165 16 284 122 166 197
267 75 91 70 43 281 8
199 89 22 39 90 61 246
266 50 111 221 199 287 192
72 212 90 224 268 73 55
216 175 164 31 181 21 31
25 238 110 229 225 73 4
161 162 46 254 272 48 184
173 215 182 29 112 42 170
185 76 251 23 108 7 81
110 101 165 263 82 167 5
209 9 223 131 216 197 277
92 27 128 170 260 196 115
101 292 37 262 121 257 175
252 178 70 169 18 146 6
222 102 137 293 204 270 199
289 99 210 193 28 95 204
213 205 218 152 217 112 227
45 83 130 247 89 7 114
111 195 121 27 88 184 154
76 239 21 45 3 149 39
86 5 293 178 13 293 277
75 254 131 50 57 251 113
186 56 293 241 38 299 62
230 220 65 132 280 98 239
254 110 276 1 224 175 17
45 199 66 70 262 229 202
169 152 27 7 81 203 26
240 281 264 151 161 179 200
92 99 160 126 276 148 211
183 187 233 202 173 144 79
281 124 121 105 276 192 274
210 234 13 283 16 76 59
179 67 217 97 57 76 205
187 234 273 25 146 276 248
39 184 210 203 113 88 36
84 282 218 230 138 254 203
298 107 43 52 152 69 205
121 256 114 251 106 114 88
269 168 228 73 74 262 215
209 32 123 239 118 134 102
159 287 189 88 2 233 72
127 48 166 174 125 273 232
74 296 131 189 185 54 159
144 161 127 16 121 108 37
87 119 180 287 145 108 77
197 75 244 88 102 115 103
96 35 170 35 258 84 264
221 199 221 2 76 83 161
224 245 196 18 135 121 77
153 265 29 229 92 115 5
123 237 152 274 299 204 190
100 102 86 238 208 180 25
147 161 46 270 39 278 35
217 150 110 224 201 151 205
298 127 93 234 289 265 166
131 37 193 35 167 50 154
141 55 115 139 242 184 23
189 186 179 188 30 285 2
210 148 94 104 79 87 207
282 89 17 166 244 132 223
277 149 105 222 25 146 113
173 26 32 295 184 80 146
99 142 81 126 189 284 207
1 108 9 131 211 140 157
180 167 155 61 32 101 151
244 112 207 172 87 24 105
150 223 210 37 273 233 291
120 261 289 221 275 145 55
29 264 194 98 47 132 85
231 295 101 279 68 221 266
116 290 130 245 253 137 230
156 71 74 147 174 98 228
253 229 113 236 229 44 38
72 140 80 189 70 157 55
94 24 243 100 126 105 85
196 202 135 51 129 285 17
280 247 25 293 126 221 189
33 258 254 8 68 35 236
299 17 52 228 53 156 272
286 144 84 251 200 208 153
171 228 207 294 282 255 291
116 245 26 94 219 273 34
205 259 209 116 36 196 144
240 145 125 10 260 214 40
151 12 121 251 259 18 226
145 280 68 282 210 204 2
52 14 189 151 150 230 169
30 258 124 240 151 195 53
281 176 101 174 226 272 299
141 77 121 221 140 286 34
100 195 259 162 100 292 244
43 271 29 276 30 60 47
4 183 65 18 271 132 161
181 147 260 261 203 200 235
204 66 219 48 103 142 121
43 93 44 55 62 164 128
155 282 190 299 34 123 277
98 282 75 19 200 65 239
189 99 227 71 256 73 130
56 187 159 299 36 258 254
252 7 291 204 188 91 261
83 181 183 265 221 269 212
236 60 284 239 125 230 155
51 192 47 153 157 90 102
222 175 33 44 209 285 8
277 89 280 141 90 171 13
4 47 77 246 131 203 234
137 197 158 57 46 291 54
253 31 72 138 198 159 183
265 264 21 34 189 35 102
286 109 203 103 71 129 98
228 88 137 129 24 8 69
288 197 29 144 227 276 299
153 211 222 99 262 168 100
159 246 161 247 109 263 155
3 222 176 5 242 183 125
131 79 89 69 25 29 267
212 225 275 219 29 87 16
295 239 239 80 134 18 252
40 40 5 240 85 77 242
282 17 266 34 111 161 254
247 232 122 23 166 171 264
156 29 64 227 245 299 268
145 20 58 96 32 21 235
10 103 21 20 163 152 62
175 249 168 33 206 196 98
85 64 160 157 45 273 100
4 289 174 124 21 114 133
5 162 122 147 161 85 19
230 113 45 30 285 41 263
3 76 282 90 16 115 36
169 172 111 138 281 254 222
144 92 113 84 181 183 226
221 108 242 67 106 183 183
66 64 204 29 98 119 112
94 190 73 7 273 213 136
73 83 176 70 18 108 297
299 294 38 151 143 79 17
296 150 5 21 257 180 111
65 129 127 206 197 256 288
165 175 275 105 99 111 42
251 38 86 93 218 210 283
196 162 225 36 291 142 213
230 15 109 30 117 231 176
167 229 27 113 220 263 108
231 222 54 182 184 232 257
165 177 212 110 210 151 237
255 224 128 48 166 103 121
230 269 127 192 229 192 138
260 18 40 224 277 252 106
235 111 110 154 276 67 244
199 280 151 223 62 297 41
50 39 123 31 119 174 293
46 142 116 157 101 8 97
6 169 298 98 250 209 138
69 84 129 81 280 142 209
103 105 20 69 25 24 16
233 42 47 166 210 55 109
163 132 202 256 125 154 209
142 277 205 65 237 270 280
246 102 76 90 256 222 5
266 219 150 125 221 210 167
50 128 57 181 92 81 58
279 200 54 297 96 169 157
14 120 150 192 253 111 278
257 154 26 135 55 248 134
67 257 214 287 91 159 277
64 22 32 213 128 233 160
165 137 199 166 21 16 79
289 41 10 26 15 66 122
106 203 115 11 28 263 35
298 281 256 18 67 137 267
252 273 123 194 143 190 28
239 201 296 246 25 49 38
253 85 91 84 122 280 210
98 276 101 246 208 268 203
87 141 183 4 193 105 264
260 172 246 159 213 248 7
230 212 141 190 52 230 290
66 251 227 104 233 48 46
175 137 253 67 125 103 69
258 70 85 25 7 22 55
64 169 208 210 32 271 225
195 94 131 296 165 233 153
66 29 166 189 134 207 113
49 24 71 255 17 34 261
281 25 28 214 227 100 8
274 69 72 292 206 276 190
104 143 219 149 262 240 242
42 112 33 181 110 88 42
239 149 53 39 130 162 56
101 164 157 276 66 78 88
259 274 36 76 245 22 149
58 298 21 86 293 30 175
159 263 116 236 156 40 66
71 70 58 75 52 253 89
111 135 225 255 210 28 59
254 258 260 33 119 217 4
61 138 137 242 94 7 264
13 25 168 110 86 144 120
229 140 284 229 253 286 282
196 24 226 91 274 214 224
185 52 157 190 261 56 15
158 261 115 103 186 116 132
134 144 204 172 227 263 56
154 142 299 213 157 226 266
57 127 11 147 249 72 77
2 276 176 254 28 238 18
142 109 134 140 244 3 93
34 31 131 187 153 74 252
298 157 100 220 233 124 136
273 85 35 59 84 295 57
224 297 43 106 237 150 39
155 273 149 155 95 2 224
7 271 122 193 170 174 242
157 268 267 188 240 50 257
298 99 85 129 187 288 164
223 52 81 210 46 161 207
276 216 106 293 129 27 131
44 122 62 140 166 188 40
273 33 50 9 20 80 207
131 281 109 49 56 194 56
130 95 57 79 191 259 122
39 65 113 255 276 259 241
12 106 263 154 211 178 60
123 68 127 37 207 96 132
100 229 195 282 100 32 265
56 68 292 90 230 235 113
170 28 280 227 180 285 176
50 129 145 241 235 170 160
96 23 136 206 138 263 123
185 52 177 34 195 221 39
80 199 220 294 136 182 184
17 13 27 88 200 242 271
38 195 67 82 249 160 34
238 15 141 36 180 259 67
71 83 121 26 54 288 231
249 105 186 105 117 89 17
132 208 12 62 33 81 78
62 230 109 286 223 52 197
71 9 238 62 109 120 77
166 215 60 58 173 156 178
6 141 181 92 57 168 296
293 252 40 246 206 17 194
200 205 28 121 183 99 23
286 30 28 124 106 239 252
208 193 144 163 36 118 277
40 20 73 21 32 133 85
235 208 289 221 215 48 61
129 154 35 1 28 281 61
35 74 206 280 72 136 181
233 32 93 273 129 16 292
123 298 158 169 291 278 155
216 45 31 71 75 140 62
287 140 59 268 112 38 22
65 95 284 16 35 180 71
194 1 181 227 110 94 212
139 118 244 83 266 210 160
196 56 74 241 226 93 143
70 108 172 79 288 284 65
278 66 250 32 190 61 290
189 160 192 269 197 96 104
279 230 110 116 252 80 287
63 168 13 51 238 245 42
239 143 81 233 176 3 188
39 57 107 16 269 206 107
189 293 254 291 89 258 48
165 38 116 280 247 60 197
84 160 137 47 103 238 131
263 170 110 90 37 255 60
136 204 45 272 237 32 274
2 86 253 230 195 158 152
204 23 60 26 198 81 110
201 215 198 96 28 4 249
186 53 8 25 206 214 63
74 176 46 219 255 278 179
164 52 126 27 45 23 193
283 293 16 265 172 88 227
228 167 179 132 233 216 275
232 152 90 41 9 83 266
183 183 214 253 39 299 203
298 29 139 118 32 53 261
275 295 150 195 63 33 235
229 223 179 268 147 32 83
288 150 266 96 9 34 64
275 246 230 189 95 202 145
31 197 15 182 193 67 81
12 97 89 112 242 269 207
196 52 233 12 54 69 157
280 186 119 224 200 247 157
266 58 192 92 137 27 162
246 298 147 168 108 157 71
160 24 107 173 121 266 252
89 113 101 273 5 262 80
15 35 236 188 230 189 297
179 249 262 186 186 290 283
219 203 245 124 175 165 224
64 127 42 25 120 84 55
123 241 95 21 165 192 79
163 42 221 259 275 21 140
72 226 169 58 113 158 21
113 24 137 187 103 44 158
299 150 35 141 51 84 23
205 2 214 32 32 288 44
150 10 108 106 168 27 73
136 259 273 216 147 217 37
229 104 196 78 57 101 49
83 24 63 25 252 81 16
297 242 203 110 1 260 51
229 171 206 191 70 276 151
176 120 43 187 287 255 203
235 36 76 147 13 96 289
271 79 7 195 198 173 265
279 215 113 271 55 54 21
298 136 65 286 210 129 276
220 94 168 9 69 51 94
72 188 77 129 148 258 217
16 159 159 134 294 14 60
288 209 161 171 249 224 115
276 98 256 17 53 140 219
232 292 173 179 247 17 51
20 256 267 96 89 149 89
112 32 99 116 160 102 184
148 157 298 131 109 42 235
105 123 195 91 153 20 55
22 82 113 269 259 33 174
38 257 104 257 238 4 148
222 248 259 32 22 225 288
293 87 210 34 18 82 200
202 108 60 297 260 263 144
250 283 155 251 270 283 99
87 125 259 111 130 223 288
57 137 270 136 290 173 28
293 82 280 164 215 52 154
251 181 74 149 250 185 91
192 284 256 72 4 111 51
176 213 89 205 22 130 244
144 254 23 85 291 182 269
180 32 16 273 100 228 296
164 175 139 140 265 260 186
37 251 230 114 150 229 187
244 183 273 62 119 111 153
16 261 136 117 236 214 35
17 46 234 286 225 295 79
175 104 192 282 298 16 214
66 111 175 108 210 281 269
147 52 53 140 174 115 18
265 71 155 97 199 247 43
166 259 45 122 24 260 129
230 215 8 96 190 48 109
9 72 163 164 57 263 121
286 286 265 102 19 227 286
163 44 298 237 81 236 70
37 200 55 181 35 190 82
278 100 266 132 123 257 231
195 113 97 122 114 10 105
257 240 242 126 238 235 151
74 33 5 40 176 163 121
82 11 157 22 180 211 88
10 266 219 179 171 257 294
216 134 39 100 257 270 132
25 100 224 289 27 196 111
106 53 63 281 61 121 63
211 214 81 144 176 200 278
49 12 6 18 22 112 26
118 94 208 265 65 1 25
103 201 172 199 272 70 266
164 54 19 8 269 175 118
91 128 109 297 162 281 293
21 48 172 260 136 279 271
139 111 207 164 3 130 167
175 148 79 282 87 168 93
246 251 204 258 67 262 20
187 110 172 188 208 6 174
147 82 118 245 234 59 80
262 202 99 216 72 43 79
82 73 249 11 18 93 119
18 111 197 231 225 244 136
79 119 48 17 57 88 257
146 228 181 147 233 177 195
223 11 298 122 234 155 128
57 238 24 127 204 102 186
200 209 242 38 146 71 23
190 48 23 101 131 122 274
164 125 67 234 210 285 67
117 248 20 70 207 274 6
150 206 270 195 150 151 120
212 97 269 259 151 128 117
48 278 264 221 10 61 146
133 141 156 215 223 168 242
189 28 78 249 288 95 261
114 223 238 221 62 221 163
213 164 123 66 11 118 61
189 203 256 74 178 90 204
269 51 16 24 143 212 203
237 284 71 134 68 133 197
47 206 119 89 59 31 222
245 17 134 31 75 115 28
188 271 255 230 184 211 147
242 71 18 31 215 233 265
238 71 182 46 234 73 130
141 138 13 51 34 49 108
166 196 19 130 29 51 144
202 187 107 69 277 267 261
182 159 222 177 88 170 211
255 158 107 271 72 39 159
170 11 228 227 38 2 106
160 31 71 28 146 256 121
73 128 165 118 41 258 287
223 23 140 107 205 107 8
262 147 125 155 99 44 206
117 27 36 123 18 287 205
172 293 143 33 37 70 246
195 90 165 66 248 178 34
153 49 122 234 175 282 239
184 64 187 113 204 21 32
200 181 152 272 180 294 255
43 269 194 281 117 187 145
239 190 299 239 10 166 197
131 160 222 119 149 209 223
35 12 90 210 2 128 155
25 254 284 159 61 238 125
216 64 72 123 61 69 26
230 55 135 254 212 126 241
80 171 64 260 141 138 269
147 147 9 166 25 283 275
164 84 194 105 57 29 119
222 187 215 76 77 71 273
89 64 111 229 258 93 137
44 254 3 278 100 270 176
75 162 230 88 124 1 254
212 142 271 75 73 50 291
190 295 290 3 15 27 77
221 206 209 180 211 47 278
45 164 268 57 1 114 240
228 184 82 134 165 248 92
117 97 273 249 230 247 240
203 100 167 210 188 18 213
16 37 30 66 223 188 298
93 238 229 148 84 279 77
274 264 296 241 175 160 264
146 267 231 65 161 1 262
208 59 17 216 65 273 122
46 39 7 203 97 274 15
175 186 297 19 116 17 295
184 47 81 169 155 65 87
206 180 125 249 23 82 165
219 187 240 295 226 134 82
57 6 73 141 191 248 262
215 65 1 291 251 81 88
209 258 178 75 214 188 239
122 290 189 221 22 87 169
179 34 113 204 105 285 1
292 100 243 157 225 44 146
164 186 126 187 25 264 247
226 290 211 92 5 211 3
284 242 173 241 185 145 283
256 142 108 111 162 176 220
133 142 297 69 295 238 275
42 212 110 241 12 26 116
276 207 5 247 299 177 243
100 180 154 1 211 240 297
149 121 58 101 218 215 134
17 38 181 73 77 93 57
37 155 140 280 173 32 105
12 174 99 275 168 53 103
188 220 110 93 92 120 107
281 134 205 64 188 185 160
31 179 270 274 135 140 62
45 248 68 183 27 245 279
256 12 163 192 187 75 123
157 141 217 72 142 222 17
234 248 59 59 237 14 217
236 82 299 98 92 163 136
13 195 147 146 40 20 207
161 168 244 161 30 101 238
284 88 157 17 71 182 176
237 144 167 254 145 153 88
184 138 170 213 197 141 248
153 286 12 264 132 15 168
70 83 217 298 184 168 159
185 162 115 184 96 231 82
127 196 115 188 101 269 207
230 47 241 249 243 2 45
240 32 278 31 54 132 261
141 144 186 209 48 106 99
246 244 192 8 7 154 37
140 11 163 269 82 105 21
282 191 226 101 281 8 111
74 41 28 195 151 255 217
199 270 72 193 266 166 206
272 55 255 110 9 186 201
194 76 198 186 241 284 30
23 113 15 296 19 9 29
12 103 297 201 162 194 129
257 298 2 155 252 65 235
85 12 258 159 77 194 8
285 21 87 85 276 273 12
12 144 229 182 154 295 104
11 296 178 30 196 66 289
100 279 122 189 70 246 121
287 284 126 88 268 278 105
173 75 130 241 117 135 249
31 222 80 38 99 298 17
118 13 225 290 3 159 99
114 109 190 100 69 172 23
199 28 211 107 53 200 32
209 297 15 70 289 42 11
27 267 255 188 240 115 81
81 18 279 46 119 270 36
43 272 239 43 131 140 291
143 127 254 23 86 239 128
224 201 239 240 3 68 142
63 3 128 79 276 55 73
288 294 187 250 172 212 97
251 193 156 191 291 252 248
131 97 31 203 135 91 193
88 235 127 154 272 219 277
222 221 266 52 66 72 101
56 221 168 174 228 28 112
69 263 230 250 33 75 185
245 235 289 77 164 245 106
116 287 87 175 217 272 131
237 167 142 26 294 82 54
14 47 99 158 202 151 124
96 168 207 63 281 177 255
96 99 165 172 275 20 52
2 23 234 173 69 79 37
293 61 87 78 25 42 164
105 214 3 151 35 247 258
120 187 192 74 49 167 269
147 90 126 227 22 258 28
12 75 164 111 139 129 129
152 103 231 56 239 13 298
107 202 57 255 90 58 253
138 102 234 217 2 121 160
258 108 155 206 105 249 58
36 120 139 171 10 255 10
41 225 120 61 12 180 190
87 221 172 109 161 168 167
149 285 236 27 2 181 141
62 264 202 191 13 79 190
156 93 29 264 220 242 198
10 112 215 288 66 89 277
266 209 109 295 46 215 10
74 12 267 282 174 174 89
87 42 89 90 108 230 125
277 144 20 87 284 183 217
255 94 182 261 169 296 231
117 128 109 60 164 187 242
113 99 99 6 253 298 115
275 30 112 94 260 206 189
217 232 192 288 185 246 85
299 126 230 292 30 280 27
61 159 81 134 131 170 96
207 137 181 179 189 296 185
293 31 23 67 58 244 69
114 165 196 34 207 297 130
106 36 87 126 71 82 279
276 68 129 187 211 248 162
43 282 164 101 203 35 177
222 272 7 44 114 260 289
249 4 86 51 200 151 161
109 225 98 80 1 13 72
4 239 272 44 187 137 113
61 195 296 17 20 72 12
293 51 108 282 194 297 108
86 264 176 217 109 154 191
54 47 39 282 190 173 237
99 72 44 219 91 22 109
208 109 200 135 184 146 205
97 68 281 275 228 187 284
78 236 262 24 115 205 168
278 87 51 252 168 101 122
163 260 63 200 261 146 155
236 157 115 152 56 169 286
117 162 27 270 35 51 280
156 252 26 213 215 1 158
285 142 53 279 18 161 52
113 87 239 93 74 77 168
83 272 22 204 205 207 128
104 225 155 139 190 185 140
194 170 76 273 109 243 244
3 212 250 2 280 111 205
243 152 235 147 154 159 219
80 96 74 218 229 178 134
131 59 22 76 197 187 264
142 33 189 229 62 55 253
260 223 222 230 197 145 203
175 77 90 251 251 153 109
225 178 244 191 246 141 190
137 201 251 297 89 94 169
219 97 146 93 95 77 93
298 125 139 19 195 1 197
237 61 8 68 202 290 198
19 35 49 83 222 230 89
187 213 224 155 178 35 2
62 104 14 83 188 232 38
292 1 114 298 191 4 256
23 147 50 170 212 19 12
18 102 52 207 245 50 257
